128	0	0.0278906
128	0.1	0.0281875
128	0.2	0.0281875
128	0.3	0.0301172
128	0.4	0.0301172
128	0.5	0.0288984
128	0.6	0.0288984
128	0.7	0.0288672
128	0.8	0.0278516
128	0.9	0.0278516
128	1	0.0281875
128	1.1	0.0281875
128	1.2	0.026875
128	1.3	0.0266797
128	1.4	0.0261875
128	1.5	0.0269766
128	1.6	0.0269766
128	1.7	0.0273984
128	1.8	0.0273984
128	1.9	0.0273984
128	2	0.0267656
128	2.1	0.0267187
128	2.2	0.0261406
128	2.3	0.0261406
128	2.4	0.028
128	2.5	0.028
128	2.6	0.028
128	2.7	0.0261484
128	2.8	0.0261484
128	2.9	0.0256953
128	3	0.0256953
128	3.1	0.0247969
128	3.2	0.0247969
128	3.3	0.0247969
128	3.4	0.0250859
128	3.5	0.0254609
128	3.6	0.0256094
128	3.7	0.0252891
128	3.8	0.0256953
128	3.9	0.0256953
128	4	0.0256953
128	4.1	0.0253906
128	4.2	0.0253906
128	4.3	0.0248359
128	4.4	0.0248359
128	4.5	0.0237891
128	4.6	0.0237891
128	4.7	0.0237891
128	4.8	0.0254688
128	4.9	0.0254688
128	5	0.0243438
138	0	0.0278478
138	0.1	0.0281304
138	0.2	0.0281304
138	0.3	0.0276957
138	0.4	0.0283986
138	0.5	0.0283986
138	0.6	0.0283696
138	0.7	0.0277826
138	0.8	0.0277826
138	0.9	0.0274638
138	1	0.0274638
138	1.1	0.0263986
138	1.2	0.0263986
138	1.3	0.0282246
138	1.4	0.0282029
138	1.5	0.0282029
138	1.6	0.0265072
138	1.7	0.0265072
138	1.8	0.0266449
138	1.9	0.0266449
138	2	0.0252319
138	2.1	0.0252319
138	2.2	0.0252319
138	2.3	0.0268261
138	2.4	0.0267826
138	2.5	0.0264928
138	2.6	0.0264928
138	2.7	0.0258841
138	2.8	0.0258841
138	2.9	0.0250145
138	3	0.0252681
138	3.1	0.0252681
138	3.2	0.0259855
138	3.3	0.0259855
138	3.4	0.0251667
138	3.5	0.0251667
138	3.6	0.0251884
138	3.7	0.0246884
138	3.8	0.0246884
138	3.9	0.0249638
138	4	0.0249638
138	4.1	0.0246739
138	4.2	0.0246739
138	4.3	0.0246739
138	4.4	0.0241522
138	4.5	0.0241522
138	4.6	0.0243478
138	4.7	0.0243333
138	4.8	0.0249203
138	4.9	0.0249203
138	5	0.0248913
148	0	0.0290203
148	0.1	0.0281486
148	0.2	0.0274865
148	0.3	0.0269595
148	0.4	0.0266622
148	0.5	0.0279797
148	0.6	0.0279797
148	0.7	0.0267635
148	0.8	0.0267635
148	0.9	0.0280473
148	1	0.0280473
148	1.1	0.0280473
148	1.2	0.0266419
148	1.3	0.0266351
148	1.4	0.0282432
148	1.5	0.0282432
148	1.6	0.026027
148	1.7	0.026027
148	1.8	0.026027
148	1.9	0.0273716
148	2	0.0273311
148	2.1	0.0267162
148	2.2	0.0267162
148	2.3	0.0268919
148	2.4	0.0260541
148	2.5	0.0258176
148	2.6	0.027
148	2.7	0.0263243
148	2.8	0.0268108
148	2.9	0.0268108
148	3	0.0257635
148	3.1	0.0257635
148	3.2	0.0257365
148	3.3	0.0259595
148	3.4	0.0259595
148	3.5	0.0250203
148	3.6	0.0250203
148	3.7	0.0248108
148	3.8	0.0248108
148	3.9	0.0248108
148	4	0.0268986
148	4.1	0.0268986
148	4.2	0.0251892
148	4.3	0.0251892
148	4.4	0.0262432
148	4.5	0.0262432
148	4.6	0.0262432
148	4.7	0.0255203
148	4.8	0.0248919
148	4.9	0.0235946
148	5	0.0225676
158	0	0.0273797
158	0.1	0.0273797
158	0.2	0.0273797
158	0.3	0.0275886
158	0.4	0.0275949
158	0.5	0.0280253
158	0.6	0.0280253
158	0.7	0.0280253
158	0.8	0.0266076
158	0.9	0.0261962
158	1	0.027057
158	1.1	0.027057
158	1.2	0.0275759
158	1.3	0.0275759
158	1.4	0.0275759
158	1.5	0.0268418
158	1.6	0.0268418
158	1.7	0.0265127
158	1.8	0.0265127
158	1.9	0.027462
158	2	0.027462
158	2.1	0.027462
158	2.2	0.0261203
158	2.3	0.0260253
158	2.4	0.0255949
158	2.5	0.0255949
158	2.6	0.0257911
158	2.7	0.0259177
158	2.8	0.0259177
158	2.9	0.0246013
158	3	0.0246013
158	3.1	0.0261139
158	3.2	0.0254177
158	3.3	0.0265
158	3.4	0.0265
158	3.5	0.0265
158	3.6	0.0254747
158	3.7	0.0255316
158	3.8	0.0230886
158	3.9	0.0230886
158	4	0.0263165
158	4.1	0.0263165
158	4.2	0.0263165
158	4.3	0.0254557
158	4.4	0.0254557
158	4.5	0.0251456
158	4.6	0.0250759
158	4.7	0.0231139
158	4.8	0.0231139
158	4.9	0.0231139
158	5	0.0240759
168	0	0.0271012
168	0.1	0.0277024
168	0.2	0.0277024
168	0.3	0.0269702
168	0.4	0.0269702
168	0.5	0.0265714
168	0.6	0.0273631
168	0.7	0.0273631
168	0.8	0.0283333
168	0.9	0.0277083
168	1	0.0270238
168	1.1	0.0270238
168	1.2	0.0270238
168	1.3	0.0272619
168	1.4	0.0272619
168	1.5	0.0270714
168	1.6	0.0270714
168	1.7	0.0271071
168	1.8	0.0271071
168	1.9	0.026756
168	2	0.0265833
168	2.1	0.0265833
168	2.2	0.0260714
168	2.3	0.0261667
168	2.4	0.0266548
168	2.5	0.0266548
168	2.6	0.0266548
168	2.7	0.0250179
168	2.8	0.0250179
168	2.9	0.0254226
168	3	0.0254226
168	3.1	0.0254226
168	3.2	0.0252976
168	3.3	0.0246905
168	3.4	0.0247738
168	3.5	0.0247738
168	3.6	0.0260536
168	3.7	0.0260893
168	3.8	0.0261071
168	3.9	0.0241905
168	4	0.0241905
168	4.1	0.0250595
168	4.2	0.0250595
168	4.3	0.0235476
168	4.4	0.023256
168	4.5	0.023256
168	4.6	0.0232202
168	4.7	0.0235952
168	4.8	0.0260655
168	4.9	0.0302976
168	5	0.0351726
178	0	0.0276348
178	0.1	0.0276348
178	0.2	0.0271292
178	0.3	0.0271292
178	0.4	0.0259438
178	0.5	0.0260449
178	0.6	0.0259101
178	0.7	0.0259101
178	0.8	0.0255169
178	0.9	0.0277865
178	1	0.0277865
178	1.1	0.0266798
178	1.2	0.0266798
178	1.3	0.0264775
178	1.4	0.0264775
178	1.5	0.0262247
178	1.6	0.0289944
178	1.7	0.0289944
178	1.8	0.0263483
178	1.9	0.0258483
178	2	0.0259438
178	2.1	0.0259326
178	2.2	0.0259326
178	2.3	0.0263708
178	2.4	0.0263708
178	2.5	0.0252303
178	2.6	0.0252135
178	2.7	0.0252135
178	2.8	0.0259101
178	2.9	0.0255787
178	3	0.0269551
178	3.1	0.0269551
178	3.2	0.0250169
178	3.3	0.0247247
178	3.4	0.0247247
178	3.5	0.0242079
178	3.6	0.0242079
178	3.7	0.0249326
178	3.8	0.0249551
178	3.9	0.0257584
178	4	0.0257584
178	4.1	0.0257584
178	4.2	0.0239831
178	4.3	0.0234831
178	4.4	0.0241461
178	4.5	0.0268371
178	4.6	0.0317247
178	4.7	0.034573
178	4.8	0.033382
178	4.9	0.0395843
178	5	0.0454551
188	0	0.0271543
188	0.1	0.0271543
188	0.2	0.0274521
188	0.3	0.0274521
188	0.4	0.027633
188	0.5	0.0268617
188	0.6	0.0268617
188	0.7	0.0266436
188	0.8	0.0267766
188	0.9	0.0275585
188	1	0.0275479
188	1.1	0.0275372
188	1.2	0.0270851
188	1.3	0.0270372
188	1.4	0.0269255
188	1.5	0.0269309
188	1.6	0.0275745
188	1.7	0.0273883
188	1.8	0.0273883
188	1.9	0.0267872
188	2	0.0267872
188	2.1	0.0263511
188	2.2	0.026
188	2.3	0.027633
188	2.4	0.027633
188	2.5	0.027633
188	2.6	0.0260691
188	2.7	0.0260691
188	2.8	0.0260691
188	2.9	0.0259787
188	3	0.0250532
188	3.1	0.0250532
188	3.2	0.0259309
188	3.3	0.026
188	3.4	0.026
188	3.5	0.0245479
188	3.6	0.0245372
188	3.7	0.0247074
188	3.8	0.0244415
188	3.9	0.0249255
188	4	0.0249149
188	4.1	0.024734
188	4.2	0.0269787
188	4.3	0.0323085
188	4.4	0.0321489
188	4.5	0.0327394
188	4.6	0.0389787
188	4.7	0.0454468
188	4.8	0.0491968
188	4.9	0.0524521
188	5	0.0547819
198	0	0.027702
198	0.1	0.027702
198	0.2	0.027702
198	0.3	0.0286717
198	0.4	0.0284899
198	0.5	0.0281667
198	0.6	0.0281667
198	0.7	0.0270758
198	0.8	0.0270758
198	0.9	0.0267778
198	1	0.0268535
198	1.1	0.0265202
198	1.2	0.0268737
198	1.3	0.0260808
198	1.4	0.0258182
198	1.5	0.0258182
198	1.6	0.0255202
198	1.7	0.0247273
198	1.8	0.0247273
198	1.9	0.0263939
198	2	0.0263939
198	2.1	0.0263485
198	2.2	0.0262727
198	2.3	0.0262727
198	2.4	0.0268232
198	2.5	0.0268232
198	2.6	0.0272677
198	2.7	0.0272677
198	2.8	0.0252677
198	2.9	0.0252677
198	3	0.0252677
198	3.1	0.0263586
198	3.2	0.0263586
198	3.3	0.0253636
198	3.4	0.025298
198	3.5	0.0259394
198	3.6	0.0256515
198	3.7	0.0256465
198	3.8	0.0252929
198	3.9	0.0253889
198	4	0.0268333
198	4.1	0.032399
198	4.2	0.0321515
198	4.3	0.0393586
198	4.4	0.0440808
198	4.5	0.0486212
198	4.6	0.0513586
198	4.7	0.0536566
198	4.8	0.0551717
198	4.9	0.0541919
198	5	0.0548636
208	0	0.0275865
208	0.1	0.0281971
208	0.2	0.0281971
208	0.3	0.028
208	0.4	0.0279952
208	0.5	0.0291683
208	0.6	0.0291635
208	0.7	0.0291635
208	0.8	0.0291971
208	0.9	0.0291779
208	1	0.027024
208	1.1	0.0267115
208	1.2	0.0260048
208	1.3	0.0259423
208	1.4	0.0257885
208	1.5	0.0264808
208	1.6	0.0263413
208	1.7	0.0257596
208	1.8	0.0257596
208	1.9	0.0268413
208	2	0.0264567
208	2.1	0.0264135
208	2.2	0.025101
208	2.3	0.0250481
208	2.4	0.0252067
208	2.5	0.0251971
208	2.6	0.0258029
208	2.7	0.0258029
208	2.8	0.0257981
208	2.9	0.0255385
208	3	0.0255385
208	3.1	0.0266587
208	3.2	0.0266587
208	3.3	0.0252548
208	3.4	0.0249231
208	3.5	0.0248365
208	3.6	0.0246058
208	3.7	0.0245433
208	3.8	0.0267548
208	3.9	0.0280385
208	4	0.0316875
208	4.1	0.0384183
208	4.2	0.0434519
208	4.3	0.0485625
208	4.4	0.0503365
208	4.5	0.0525913
208	4.6	0.0535529
208	4.7	0.0535769
208	4.8	0.0538221
208	4.9	0.0538894
208	5	0.0499904
218	0	0.0262752
218	0.1	0.0276651
218	0.2	0.0276651
218	0.3	0.0275367
218	0.4	0.0275367
218	0.5	0.0275367
218	0.6	0.0277844
218	0.7	0.0277844
218	0.8	0.0279495
218	0.9	0.0279495
218	1	0.0269266
218	1.1	0.0269083
218	1.2	0.0269679
218	1.3	0.0273807
218	1.4	0.0272936
218	1.5	0.0279404
218	1.6	0.0279404
218	1.7	0.0265917
218	1.8	0.026578
218	1.9	0.0262798
218	2	0.0255
218	2.1	0.0252752
218	2.2	0.0257477
218	2.3	0.0257477
218	2.4	0.0249633
218	2.5	0.0247982
218	2.6	0.0247982
218	2.7	0.0253073
218	2.8	0.0253073
218	2.9	0.0254128
218	3	0.0254128
218	3.1	0.0259312
218	3.2	0.0259312
218	3.3	0.025922
218	3.4	0.0261284
218	3.5	0.0258394
218	3.6	0.0274679
218	3.7	0.0259495
218	3.8	0.0343899
218	3.9	0.0401514
218	4	0.0444725
218	4.1	0.0472706
218	4.2	0.0488165
218	4.3	0.0491422
218	4.4	0.0497202
218	4.5	0.0502569
218	4.6	0.0514312
218	4.7	0.0515688
218	4.8	0.0486972
218	4.9	0.0487064
218	5	0.0515872
228	0	0.0280746
228	0.1	0.0279386
228	0.2	0.0275219
228	0.3	0.0275219
228	0.4	0.0281447
228	0.5	0.0281447
228	0.6	0.027943
228	0.7	0.027943
228	0.8	0.0278202
228	0.9	0.0277193
228	1	0.0274474
228	1.1	0.026886
228	1.2	0.026886
228	1.3	0.0262237
228	1.4	0.0260658
228	1.5	0.0260658
228	1.6	0.0275307
228	1.7	0.027386
228	1.8	0.0254868
228	1.9	0.0254342
228	2	0.0273421
228	2.1	0.0273465
228	2.2	0.0273465
228	2.3	0.0257061
228	2.4	0.0257061
228	2.5	0.0255921
228	2.6	0.025364
228	2.7	0.0260351
228	2.8	0.0260351
228	2.9	0.0260351
228	3	0.0267281
228	3.1	0.0261272
228	3.2	0.0246184
228	3.3	0.0247105
228	3.4	0.0271974
228	3.5	0.0248289
228	3.6	0.0327412
228	3.7	0.0402237
228	3.8	0.0442412
228	3.9	0.0465702
228	4	0.0479912
228	4.1	0.0464868
228	4.2	0.0471009
228	4.3	0.0503026
228	4.4	0.0504386
228	4.5	0.0508289
228	4.6	0.0469518
228	4.7	0.0469649
228	4.8	0.0490746
228	4.9	0.0490789
228	5	0.047864
238	0	0.0286345
238	0.1	0.0284076
238	0.2	0.0295378
238	0.3	0.0295378
238	0.4	0.0279496
238	0.5	0.0278992
238	0.6	0.0285378
238	0.7	0.028542
238	0.8	0.0282857
238	0.9	0.0278067
238	1	0.0276261
238	1.1	0.0271765
238	1.2	0.0271765
238	1.3	0.0274622
238	1.4	0.0271975
238	1.5	0.0271933
238	1.6	0.0263361
238	1.7	0.0263319
238	1.8	0.0253319
238	1.9	0.0253319
238	2	0.0251639
238	2.1	0.0251639
238	2.2	0.0251639
238	2.3	0.0258319
238	2.4	0.0255924
238	2.5	0.0258992
238	2.6	0.0258235
238	2.7	0.0255714
238	2.8	0.025563
238	2.9	0.024395
238	3	0.0242773
238	3.1	0.0237773
238	3.2	0.0248824
238	3.3	0.0238193
238	3.4	0.0321513
238	3.5	0.0381092
238	3.6	0.041521
238	3.7	0.0440168
238	3.8	0.0451807
238	3.9	0.0458361
238	4	0.0460798
238	4.1	0.0482479
238	4.2	0.0483487
238	4.3	0.0452731
238	4.4	0.0452731
238	4.5	0.045479
238	4.6	0.0470084
238	4.7	0.0470084
238	4.8	0.0444748
238	4.9	0.0444748
238	5	0.0463277
248	0	0.0278669
248	0.1	0.0278589
248	0.2	0.0279677
248	0.3	0.0279395
248	0.4	0.0282742
248	0.5	0.0280242
248	0.6	0.0281935
248	0.7	0.0279516
248	0.8	0.0279637
248	0.9	0.0266008
248	1	0.0264234
248	1.1	0.0271774
248	1.2	0.0271774
248	1.3	0.0276694
248	1.4	0.0276169
248	1.5	0.0275
248	1.6	0.0270847
248	1.7	0.0270847
248	1.8	0.0262984
248	1.9	0.0262984
248	2	0.0263024
248	2.1	0.0263024
248	2.2	0.0254556
248	2.3	0.0252863
248	2.4	0.0251452
248	2.5	0.0260202
248	2.6	0.0260161
248	2.7	0.0255766
248	2.8	0.0254718
248	2.9	0.0257581
248	3	0.024371
248	3.1	0.0251492
248	3.2	0.0280081
248	3.3	0.0351935
248	3.4	0.0392056
248	3.5	0.0417056
248	3.6	0.0450766
248	3.7	0.0458669
248	3.8	0.0460363
248	3.9	0.0438911
248	4	0.0439315
248	4.1	0.043375
248	4.2	0.043375
248	4.3	0.0433226
248	4.4	0.0433226
248	4.5	0.0433185
248	4.6	0.0462863
248	4.7	0.0462863
248	4.8	0.0438387
248	4.9	0.0438387
248	5	0.0474718
258	0	0.0287442
258	0.1	0.0287287
258	0.2	0.0274729
258	0.3	0.0273372
258	0.4	0.0268953
258	0.5	0.0267907
258	0.6	0.0268488
258	0.7	0.0267868
258	0.8	0.027562
258	0.9	0.027562
258	1	0.027562
258	1.1	0.0280543
258	1.2	0.0280543
258	1.3	0.0271667
258	1.4	0.0271628
258	1.5	0.0264225
258	1.6	0.0262558
258	1.7	0.0258527
258	1.8	0.0258566
258	1.9	0.0258566
258	2	0.0272287
258	2.1	0.0272829
258	2.2	0.0273062
258	2.3	0.0272054
258	2.4	0.0267984
258	2.5	0.0267984
258	2.6	0.0267713
258	2.7	0.0266202
258	2.8	0.0249884
258	2.9	0.0246202
258	3	0.0252054
258	3.1	0.0315388
258	3.2	0.0368372
258	3.3	0.0395814
258	3.4	0.040814
258	3.5	0.0415814
258	3.6	0.0429574
258	3.7	0.0432403
258	3.8	0.0424341
258	3.9	0.0424496
258	4	0.0424651
258	4.1	0.0419884
258	4.2	0.0419884
258	4.3	0.0442907
258	4.4	0.0443101
258	4.5	0.0442442
258	4.6	0.0442442
258	4.7	0.0442442
258	4.8	0.0425078
258	4.9	0.0425078
258	5	0.0426977
268	0	0.0269776
268	0.1	0.0284142
268	0.2	0.0283843
268	0.3	0.0275373
268	0.4	0.0273284
268	0.5	0.0269963
268	0.6	0.0265448
268	0.7	0.026541
268	0.8	0.0266866
268	0.9	0.0266866
268	1	0.0268657
268	1.1	0.0267575
268	1.2	0.0267649
268	1.3	0.0266381
268	1.4	0.0266381
268	1.5	0.0270784
268	1.6	0.0271045
268	1.7	0.0264963
268	1.8	0.0258918
268	1.9	0.0258918
268	2	0.0274179
268	2.1	0.0274104
268	2.2	0.0263731
268	2.3	0.0263769
268	2.4	0.0267351
268	2.5	0.0266679
268	2.6	0.0261493
268	2.7	0.0252388
268	2.8	0.0250485
268	2.9	0.0283731
268	3	0.0350373
268	3.1	0.0383321
268	3.2	0.0401343
268	3.3	0.0409179
268	3.4	0.039959
268	3.5	0.0400709
268	3.6	0.0410299
268	3.7	0.0412948
268	3.8	0.0420522
268	3.9	0.0420522
268	4	0.0429739
268	4.1	0.0429739
268	4.2	0.0429739
268	4.3	0.0404925
268	4.4	0.0405597
268	4.5	0.0404291
268	4.6	0.0404701
268	4.7	0.0410112
268	4.8	0.0413209
268	4.9	0.0413209
268	5	0.0421679
278	0	0.0279568
278	0.1	0.0274353
278	0.2	0.0274281
278	0.3	0.0275504
278	0.4	0.0273813
278	0.5	0.0273022
278	0.6	0.027277
278	0.7	0.0273777
278	0.8	0.0274245
278	0.9	0.0273237
278	1	0.0281439
278	1.1	0.0280036
278	1.2	0.0279532
278	1.3	0.0279353
278	1.4	0.0279245
278	1.5	0.0271655
278	1.6	0.0270288
278	1.7	0.0276583
278	1.8	0.0273094
278	1.9	0.0252518
278	2	0.0252338
278	2.1	0.0252338
278	2.2	0.025277
278	2.3	0.0251403
278	2.4	0.0254892
278	2.5	0.0246475
278	2.6	0.0241978
278	2.7	0.0239317
278	2.8	0.0309964
278	2.9	0.0358417
278	3	0.0383705
278	3.1	0.0394748
278	3.2	0.040054
278	3.3	0.0396223
278	3.4	0.0396691
278	3.5	0.0396727
278	3.6	0.0406727
278	3.7	0.0406547
278	3.8	0.0382194
278	3.9	0.0382194
278	4	0.0402986
278	4.1	0.0402986
278	4.2	0.0402986
278	4.3	0.0385971
278	4.4	0.0387878
278	4.5	0.0398993
278	4.6	0.0398993
278	4.7	0.0407698
278	4.8	0.0409604
278	4.9	0.0409604
278	5	0.0384496
288	0	0.0275903
288	0.1	0.0278403
288	0.2	0.0278403
288	0.3	0.0266181
288	0.4	0.0265868
288	0.5	0.0268437
288	0.6	0.0267431
288	0.7	0.0266042
288	0.8	0.0264132
288	0.9	0.0260556
288	1	0.0276424
288	1.1	0.0276389
288	1.2	0.0281285
288	1.3	0.028
288	1.4	0.0269653
288	1.5	0.0269653
288	1.6	0.0273681
288	1.7	0.0268924
288	1.8	0.026809
288	1.9	0.0268125
288	2	0.0266146
288	2.1	0.028059
288	2.2	0.0280521
288	2.3	0.0275208
288	2.4	0.0259306
288	2.5	0.0240035
288	2.6	0.0260069
288	2.7	0.0329306
288	2.8	0.0365382
288	2.9	0.0377153
288	3	0.0371875
288	3.1	0.0372917
288	3.2	0.0374444
288	3.3	0.0377604
288	3.4	0.0369479
288	3.5	0.0369479
288	3.6	0.0369479
288	3.7	0.0382326
288	3.8	0.0382326
288	3.9	0.0386458
288	4	0.0386458
288	4.1	0.0390451
288	4.2	0.0390451
288	4.3	0.0387118
288	4.4	0.0389271
288	4.5	0.0389271
288	4.6	0.0382396
288	4.7	0.0382396
288	4.8	0.0398368
288	4.9	0.0398368
288	5	0.0374271
298	0	0.0282852
298	0.1	0.0290671
298	0.2	0.029151
298	0.3	0.0290537
298	0.4	0.0283591
298	0.5	0.0283591
298	0.6	0.0275134
298	0.7	0.0272584
298	0.8	0.0280067
298	0.9	0.0279866
298	1	0.0279866
298	1.1	0.027057
298	1.2	0.0270403
298	1.3	0.0271107
298	1.4	0.0269564
298	1.5	0.0260403
298	1.6	0.0260034
298	1.7	0.0261745
298	1.8	0.0261745
298	1.9	0.0261678
298	2	0.0274799
298	2.1	0.0274664
298	2.2	0.0263289
298	2.3	0.0245604
298	2.4	0.023547
298	2.5	0.0271141
298	2.6	0.0342315
298	2.7	0.0364128
298	2.8	0.0375134
298	2.9	0.0369732
298	3	0.0370403
298	3.1	0.0379631
298	3.2	0.0380805
298	3.3	0.0363188
298	3.4	0.0363188
298	3.5	0.0361174
298	3.6	0.0361174
298	3.7	0.0361174
298	3.8	0.0376107
298	3.9	0.0376107
298	4	0.0372718
298	4.1	0.0372718
298	4.2	0.0377752
298	4.3	0.0377752
298	4.4	0.0386678
298	4.5	0.0386678
298	4.6	0.0386678
298	4.7	0.0375839
298	4.8	0.0375872
298	4.9	0.0352617
298	5	0.0352617
308	0	0.029026
308	0.1	0.029026
308	0.2	0.0291948
308	0.3	0.0290487
308	0.4	0.0289708
308	0.5	0.0272565
308	0.6	0.0273084
308	0.7	0.0262143
308	0.8	0.0260455
308	0.9	0.0271494
308	1	0.0271494
308	1.1	0.0271883
308	1.2	0.0271818
308	1.3	0.0271981
308	1.4	0.0271656
308	1.5	0.0270649
308	1.6	0.0265292
308	1.7	0.0264903
308	1.8	0.0283377
308	1.9	0.0283182
308	2	0.0282565
308	2.1	0.0266558
308	2.2	0.0243961
308	2.3	0.0230292
308	2.4	0.0273409
308	2.5	0.0328539
308	2.6	0.0347987
308	2.7	0.0356299
308	2.8	0.0357987
308	2.9	0.0358474
308	3	0.0368669
308	3.1	0.0368669
308	3.2	0.0361331
308	3.3	0.0363084
308	3.4	0.0357338
308	3.5	0.0357338
308	3.6	0.0352143
308	3.7	0.0352143
308	3.8	0.0352045
308	3.9	0.034724
308	4	0.0347273
308	4.1	0.0363117
308	4.2	0.0363117
308	4.3	0.0368831
308	4.4	0.0368831
308	4.5	0.0368831
308	4.6	0.036461
308	4.7	0.036461
308	4.8	0.035211
308	4.9	0.035211
308	5	0.0368409
318	0	0.0279906
318	0.1	0.0280377
318	0.2	0.0281792
318	0.3	0.0281855
318	0.4	0.0283302
318	0.5	0.0283648
318	0.6	0.028261
318	0.7	0.0280912
318	0.8	0.0271541
318	0.9	0.0270912
318	1	0.0270786
318	1.1	0.027544
318	1.2	0.0275472
318	1.3	0.0270975
318	1.4	0.0271038
318	1.5	0.0270535
318	1.6	0.0266478
318	1.7	0.0266038
318	1.8	0.0266195
318	1.9	0.026544
318	2	0.0269182
318	2.1	0.024805
318	2.2	0.0234717
318	2.3	0.0283208
318	2.4	0.0331132
318	2.5	0.0341258
318	2.6	0.0346792
318	2.7	0.0339591
318	2.8	0.034
318	2.9	0.0340189
318	3	0.0360094
318	3.1	0.0360126
318	3.2	0.0343931
318	3.3	0.0345975
318	3.4	0.0341132
318	3.5	0.0341132
318	3.6	0.0347201
318	3.7	0.0347201
318	3.8	0.034827
318	3.9	0.0341226
318	4	0.0341635
318	4.1	0.0347799
318	4.2	0.0347799
318	4.3	0.0362358
318	4.4	0.0362358
318	4.5	0.0362358
318	4.6	0.0352453
318	4.7	0.0352453
318	4.8	0.0350252
318	4.9	0.0350252
318	5	0.0366792
328	0	0.0279146
328	0.1	0.027753
328	0.2	0.0282927
328	0.3	0.0282927
328	0.4	0.0279604
328	0.5	0.0277774
328	0.6	0.027689
328	0.7	0.0284543
328	0.8	0.0284085
328	0.9	0.0280457
328	1	0.0279848
328	1.1	0.0278445
328	1.2	0.0277348
328	1.3	0.027625
328	1.4	0.0262043
328	1.5	0.0261402
328	1.6	0.0266585
328	1.7	0.0265305
328	1.8	0.0264085
328	1.9	0.0260549
328	2	0.0254909
328	2.1	0.0222043
328	2.2	0.0259909
328	2.3	0.0308811
328	2.4	0.0322896
328	2.5	0.0343872
328	2.6	0.0344909
328	2.7	0.0328567
328	2.8	0.0328567
328	2.9	0.0332409
328	3	0.0335518
328	3.1	0.0323018
328	3.2	0.0323018
328	3.3	0.0326098
328	3.4	0.0339238
328	3.5	0.0339238
328	3.6	0.0341829
328	3.7	0.0341829
328	3.8	0.0338598
328	3.9	0.0340457
328	4	0.0341463
328	4.1	0.0343811
328	4.2	0.0343811
328	4.3	0.0352104
328	4.4	0.0352104
328	4.5	0.0338902
328	4.6	0.0338902
328	4.7	0.0338902
328	4.8	0.0348598
328	4.9	0.0348598
328	5	0.0344268
338	0	0.0285266
338	0.1	0.0290621
338	0.2	0.0290592
338	0.3	0.0284793
338	0.4	0.0284822
338	0.5	0.0284024
338	0.6	0.0284467
338	0.7	0.0282929
338	0.8	0.0280947
338	0.9	0.0278018
338	1	0.0278817
338	1.1	0.0277101
338	1.2	0.0276095
338	1.3	0.0284438
338	1.4	0.0284438
338	1.5	0.0268018
338	1.6	0.0267811
338	1.7	0.0253521
338	1.8	0.0249852
338	1.9	0.023713
338	2	0.0228639
338	2.1	0.0259201
338	2.2	0.029713
338	2.3	0.0314675
338	2.4	0.0330207
338	2.5	0.0331953
338	2.6	0.0332189
338	2.7	0.0318698
338	2.8	0.0318698
338	2.9	0.0323195
338	3	0.0326982
338	3.1	0.0315237
338	3.2	0.0315237
338	3.3	0.0316361
338	3.4	0.0331686
338	3.5	0.0331686
338	3.6	0.0334083
338	3.7	0.0334083
338	3.8	0.0345769
338	3.9	0.0346627
338	4	0.0348166
338	4.1	0.0323669
338	4.2	0.0323669
338	4.3	0.0345769
338	4.4	0.0345769
338	4.5	0.033926
338	4.6	0.033926
338	4.7	0.033926
338	4.8	0.0336746
338	4.9	0.0336746
338	5	0.0328195
348	0	0.0295862
348	0.1	0.0276006
348	0.2	0.0275
348	0.3	0.0276667
348	0.4	0.0290948
348	0.5	0.0290718
348	0.6	0.0279511
348	0.7	0.0276322
348	0.8	0.027908
348	0.9	0.0279052
348	1	0.0279483
348	1.1	0.0272069
348	1.2	0.0271264
348	1.3	0.0270144
348	1.4	0.0269914
348	1.5	0.0273793
348	1.6	0.0273592
348	1.7	0.02725
348	1.8	0.0260172
348	1.9	0.0232385
348	2	0.0252443
348	2.1	0.0305115
348	2.2	0.0309138
348	2.3	0.0313305
348	2.4	0.0313822
348	2.5	0.0322529
348	2.6	0.0322529
348	2.7	0.0325862
348	2.8	0.0325891
348	2.9	0.0319885
348	3	0.0320259
348	3.1	0.0320948
348	3.2	0.0312701
348	3.3	0.0313333
348	3.4	0.032454
348	3.5	0.032454
348	3.6	0.0323966
348	3.7	0.0323966
348	3.8	0.0324253
348	3.9	0.0322385
348	4	0.0321695
348	4.1	0.0320776
348	4.2	0.0320776
348	4.3	0.0319253
348	4.4	0.0319253
348	4.5	0.0319253
348	4.6	0.0321868
348	4.7	0.0321868
348	4.8	0.0317471
348	4.9	0.0317471
348	5	0.0320833
358	0	0.0295363
358	0.1	0.0294749
358	0.2	0.0282933
358	0.3	0.0281872
358	0.4	0.0273156
358	0.5	0.0273073
358	0.6	0.0286564
358	0.7	0.0284134
358	0.8	0.0282905
358	0.9	0.0275391
358	1	0.0275391
358	1.1	0.0272989
358	1.2	0.027148
358	1.3	0.0275475
358	1.4	0.0274497
358	1.5	0.0274274
358	1.6	0.0269888
358	1.7	0.0263547
358	1.8	0.0241034
358	1.9	0.0250866
358	2	0.0279385
358	2.1	0.0296676
358	2.2	0.0298436
358	2.3	0.0311592
358	2.4	0.0311592
358	2.5	0.0297291
358	2.6	0.0297291
358	2.7	0.0317095
358	2.8	0.0317458
358	2.9	0.0317458
358	3	0.0297514
358	3.1	0.0299581
358	3.2	0.0320698
358	3.3	0.0320922
358	3.4	0.0306648
358	3.5	0.0306648
358	3.6	0.0306816
358	3.7	0.0317793
358	3.8	0.0317877
358	3.9	0.0315251
358	4	0.0315223
358	4.1	0.0301369
358	4.2	0.0301369
358	4.3	0.0301369
358	4.4	0.0306983
358	4.5	0.0306983
358	4.6	0.0306229
358	4.7	0.0306229
358	4.8	0.0307626
358	4.9	0.0307626
358	5	0.0307626
368	0	0.028481
368	0.1	0.0282745
368	0.2	0.0276277
368	0.3	0.0272582
368	0.4	0.0284103
368	0.5	0.0283288
368	0.6	0.0283478
368	0.7	0.0274918
368	0.8	0.0275136
368	0.9	0.028106
368	1	0.028106
368	1.1	0.0282582
368	1.2	0.0281114
368	1.3	0.028106
368	1.4	0.027394
368	1.5	0.0273967
368	1.6	0.0278641
368	1.7	0.0248424
368	1.8	0.0223397
368	1.9	0.0266168
368	2	0.0288397
368	2.1	0.0295109
368	2.2	0.0297473
368	2.3	0.0307446
368	2.4	0.0307772
368	2.5	0.0298587
368	2.6	0.0298587
368	2.7	0.0298587
368	2.8	0.0303913
368	2.9	0.0303913
368	3	0.0322609
368	3.1	0.0321685
368	3.2	0.0295707
368	3.3	0.0295707
368	3.4	0.0295707
368	3.5	0.0299674
368	3.6	0.0299701
368	3.7	0.03
368	3.8	0.03
368	3.9	0.0301413
368	4	0.0301413
368	4.1	0.0301413
368	4.2	0.0301984
368	4.3	0.0301984
368	4.4	0.0299402
368	4.5	0.0299402
368	4.6	0.0310842
368	4.7	0.0310842
368	4.8	0.0310842
368	4.9	0.0301685
368	5	0.0301685
378	0	0.0292063
378	0.1	0.0290899
378	0.2	0.0282619
378	0.3	0.0280847
378	0.4	0.0279656
378	0.5	0.0290688
378	0.6	0.0290873
378	0.7	0.0272566
378	0.8	0.0272354
378	0.9	0.0272672
378	1	0.0272619
378	1.1	0.027254
378	1.2	0.0289603
378	1.3	0.0289444
378	1.4	0.0273545
378	1.5	0.0272328
378	1.6	0.0260185
378	1.7	0.0209497
378	1.8	0.0252169
378	1.9	0.0288175
378	2	0.0293862
378	2.1	0.028627
378	2.2	0.0287328
378	2.3	0.0291481
378	2.4	0.0292011
378	2.5	0.0294101
378	2.6	0.0294101
378	2.7	0.0294101
378	2.8	0.0292513
378	2.9	0.029254
378	3	0.0287354
378	3.1	0.0287196
378	3.2	0.0303677
378	3.3	0.0303677
378	3.4	0.0291164
378	3.5	0.0291164
378	3.6	0.0299868
378	3.7	0.0299868
378	3.8	0.0299868
378	3.9	0.0292672
378	4	0.0292672
378	4.1	0.029791
378	4.2	0.029791
378	4.3	0.0292328
378	4.4	0.0292328
378	4.5	0.0293413
378	4.6	0.0293413
378	4.7	0.0293413
378	4.8	0.0292593
378	4.9	0.0293783
378	5	0.0294603
388	0	0.0281778
388	0.1	0.028116
388	0.2	0.0280567
388	0.3	0.0286521
388	0.4	0.028567
388	0.5	0.0286211
388	0.6	0.0302861
388	0.7	0.0302861
388	0.8	0.0284562
388	0.9	0.0282474
388	1	0.0287088
388	1.1	0.0286985
388	1.2	0.0278041
388	1.3	0.0277268
388	1.4	0.0276881
388	1.5	0.02625
388	1.6	0.0226057
388	1.7	0.0250722
388	1.8	0.02825
388	1.9	0.0279098
388	2	0.0279768
388	2.1	0.0288763
388	2.2	0.0289716
388	2.3	0.028982
388	2.4	0.0292423
388	2.5	0.029366
388	2.6	0.0283789
388	2.7	0.0283789
388	2.8	0.028451
388	2.9	0.0284794
388	3	0.0293041
388	3.1	0.029268
388	3.2	0.0292912
388	3.3	0.0285438
388	3.4	0.0285438
388	3.5	0.0280026
388	3.6	0.0280026
388	3.7	0.0290387
388	3.8	0.0290387
388	3.9	0.0290387
388	4	0.0291881
388	4.1	0.0291881
388	4.2	0.0288119
388	4.3	0.0288119
388	4.4	0.028183
388	4.5	0.028183
388	4.6	0.0290155
388	4.7	0.0290155
388	4.8	0.0290155
388	4.9	0.0291572
388	5	0.0291572
398	0	0.0297136
398	0.1	0.029691
398	0.2	0.0282186
398	0.3	0.0281884
398	0.4	0.0284322
398	0.5	0.0284347
398	0.6	0.0283367
398	0.7	0.029196
398	0.8	0.0291432
398	0.9	0.0286156
398	1	0.0285226
398	1.1	0.0286935
398	1.2	0.0285503
398	1.3	0.0284422
398	1.4	0.0271106
398	1.5	0.0231533
398	1.6	0.023
398	1.7	0.0268367
398	1.8	0.0269271
398	1.9	0.0269899
398	2	0.0276307
398	2.1	0.0276307
398	2.2	0.0276859
398	2.3	0.0285452
398	2.4	0.0286382
398	2.5	0.028505
398	2.6	0.0285
398	2.7	0.0273417
398	2.8	0.0273392
398	2.9	0.0272789
398	3	0.0272915
398	3.1	0.0273945
398	3.2	0.0276332
398	3.3	0.0276332
398	3.4	0.027706
398	3.5	0.027706
398	3.6	0.0286055
398	3.7	0.0286055
398	3.8	0.0286055
398	3.9	0.0275151
398	4	0.0275151
398	4.1	0.0277688
398	4.2	0.0277688
398	4.3	0.0284623
398	4.4	0.0284623
398	4.5	0.0290829
398	4.6	0.0290829
398	4.7	0.0290829
398	4.8	0.0288618
398	4.9	0.028897
398	5	0.0288844
408	0	0.027799
408	0.1	0.0286225
408	0.2	0.0286127
408	0.3	0.0276495
408	0.4	0.0273971
408	0.5	0.0273971
408	0.6	0.0292255
408	0.7	0.0292745
408	0.8	0.0282108
408	0.9	0.0281765
408	1	0.0278407
408	1.1	0.0277598
408	1.2	0.0283529
408	1.3	0.0282181
408	1.4	0.0263995
408	1.5	0.0200221
408	1.6	0.0242377
408	1.7	0.0262255
408	1.8	0.0265025
408	1.9	0.0270074
408	2	0.0270392
408	2.1	0.0270392
408	2.2	0.0269338
408	2.3	0.0269338
408	2.4	0.0269877
408	2.5	0.0270098
408	2.6	0.0260392
408	2.7	0.0260392
408	2.8	0.0276127
408	2.9	0.0277574
408	3	0.0277574
408	3.1	0.0264314
408	3.2	0.0264314
408	3.3	0.0279265
408	3.4	0.0279265
408	3.5	0.0274044
408	3.6	0.0274044
408	3.7	0.0273995
408	3.8	0.0273873
408	3.9	0.0273873
408	4	0.0268358
408	4.1	0.0268358
408	4.2	0.0285735
408	4.3	0.0285735
408	4.4	0.0285735
408	4.5	0.0281446
408	4.6	0.0281446
408	4.7	0.0284191
408	4.8	0.0284191
408	4.9	0.0273015
408	5	0.0273015
418	0	0.0287081
418	0.1	0.0286483
418	0.2	0.0285311
418	0.3	0.0279928
418	0.4	0.0279234
418	0.5	0.0272081
418	0.6	0.0271986
418	0.7	0.0271053
418	0.8	0.029122
418	0.9	0.0290885
418	1	0.0273493
418	1.1	0.0272584
418	1.2	0.0276555
418	1.3	0.0271316
418	1.4	0.0228469
418	1.5	0.0227632
418	1.6	0.0249019
418	1.7	0.0256411
418	1.8	0.0257512
418	1.9	0.0272895
418	2	0.0274211
418	2.1	0.0276507
418	2.2	0.0277919
418	2.3	0.0277919
418	2.4	0.0268062
418	2.5	0.0268134
418	2.6	0.027067
418	2.7	0.027067
418	2.8	0.0271316
418	2.9	0.0270813
418	3	0.0270813
418	3.1	0.0267536
418	3.2	0.0267536
418	3.3	0.0267249
418	3.4	0.0267249
418	3.5	0.0278876
418	3.6	0.0278876
418	3.7	0.0278852
418	3.8	0.0278852
418	3.9	0.0278852
418	4	0.0257105
418	4.1	0.0257105
418	4.2	0.0267321
418	4.3	0.0267321
418	4.4	0.0270383
418	4.5	0.0270383
418	4.6	0.0270335
418	4.7	0.0261316
418	4.8	0.0261316
418	4.9	0.0262775
418	5	0.0262775
428	0	0.0291659
428	0.1	0.0290678
428	0.2	0.028993
428	0.3	0.0292407
428	0.4	0.0291215
428	0.5	0.0276752
428	0.6	0.0276589
428	0.7	0.0280888
428	0.8	0.0278364
428	0.9	0.0277874
428	1	0.0277547
428	1.1	0.0276402
428	1.2	0.0287547
428	1.3	0.0260584
428	1.4	0.0204813
428	1.5	0.0252383
428	1.6	0.0262313
428	1.7	0.0263879
428	1.8	0.0263692
428	1.9	0.0264486
428	2	0.0266822
428	2.1	0.0249463
428	2.2	0.0249369
428	2.3	0.026222
428	2.4	0.026222
428	2.5	0.026222
428	2.6	0.0259112
428	2.7	0.0259112
428	2.8	0.0271355
428	2.9	0.0271332
428	3	0.0274463
428	3.1	0.0274673
428	3.2	0.0274673
428	3.3	0.0262757
428	3.4	0.0262757
428	3.5	0.0268061
428	3.6	0.0268061
428	3.7	0.0268411
428	3.8	0.0268411
428	3.9	0.026465
428	4	0.026465
428	4.1	0.026465
428	4.2	0.026472
428	4.3	0.026472
428	4.4	0.0257547
428	4.5	0.0257547
428	4.6	0.0269603
428	4.7	0.0269603
428	4.8	0.0269603
428	4.9	0.0266121
428	5	0.0266121
438	0	0.0285251
438	0.1	0.0283676
438	0.2	0.0288516
438	0.3	0.028895
438	0.4	0.0287192
438	0.5	0.0299475
438	0.6	0.0298927
438	0.7	0.0279703
438	0.8	0.0279726
438	0.9	0.0285183
438	1	0.0284429
438	1.1	0.028347
438	1.2	0.0288265
438	1.3	0.0235274
438	1.4	0.0232374
438	1.5	0.0255342
438	1.6	0.0250936
438	1.7	0.0251804
438	1.8	0.0261187
438	1.9	0.0261187
438	2	0.0261918
438	2.1	0.0255205
438	2.2	0.0255799
438	2.3	0.0256826
438	2.4	0.0256826
438	2.5	0.0252854
438	2.6	0.0253219
438	2.7	0.0253219
438	2.8	0.0253333
438	2.9	0.0253333
438	3	0.0263881
438	3.1	0.0263881
438	3.2	0.0262215
438	3.3	0.0262215
438	3.4	0.0265
438	3.5	0.0265
438	3.6	0.0265
438	3.7	0.0257877
438	3.8	0.0257877
438	3.9	0.02579
438	4	0.02579
438	4.1	0.0254772
438	4.2	0.0254772
438	4.3	0.0248311
438	4.4	0.0248311
438	4.5	0.024726
438	4.6	0.0259247
438	4.7	0.0259247
438	4.8	0.0255114
438	4.9	0.0255114
438	5	0.0254658
448	0	0.0288348
448	0.1	0.0288281
448	0.2	0.0292388
448	0.3	0.0291741
448	0.4	0.0292299
448	0.5	0.0290804
448	0.6	0.0295312
448	0.7	0.0294263
448	0.8	0.029375
448	0.9	0.0284955
448	1	0.0283839
448	1.1	0.0300781
448	1.2	0.0266741
448	1.3	0.0205134
448	1.4	0.0237701
448	1.5	0.0241205
448	1.6	0.0245491
448	1.7	0.0246786
448	1.8	0.0251719
448	1.9	0.0251719
448	2	0.0252232
448	2.1	0.0252232
448	2.2	0.0248147
448	2.3	0.0248147
448	2.4	0.024808
448	2.5	0.0255893
448	2.6	0.0255915
448	2.7	0.0252121
448	2.8	0.0252121
448	2.9	0.0263839
448	3	0.0264576
448	3.1	0.0260871
448	3.2	0.0260871
448	3.3	0.0260871
448	3.4	0.025346
448	3.5	0.025346
448	3.6	0.0259955
448	3.7	0.0260045
448	3.8	0.0259576
448	3.9	0.0259576
448	4	0.0263683
448	4.1	0.0263683
448	4.2	0.0263705
448	4.3	0.0252522
448	4.4	0.0252522
448	4.5	0.0263973
448	4.6	0.0264732
448	4.7	0.0255156
448	4.8	0.0255156
448	4.9	0.0255156
448	5	0.0253616
458	0	0.0285764
458	0.1	0.03019
458	0.2	0.0301616
458	0.3	0.0293515
458	0.4	0.0293384
458	0.5	0.0283297
458	0.6	0.0282249
458	0.7	0.0278362
458	0.8	0.0278341
458	0.9	0.0277686
458	1	0.0292358
458	1.1	0.028441
458	1.2	0.0239301
458	1.3	0.0236528
458	1.4	0.0246507
458	1.5	0.024786
458	1.6	0.0246616
458	1.7	0.0247576
458	1.8	0.0240699
458	1.9	0.0240699
458	2	0.0240655
458	2.1	0.0250262
458	2.2	0.024976
458	2.3	0.0245175
458	2.4	0.0244825
458	2.5	0.0251507
458	2.6	0.0251528
458	2.7	0.0256834
458	2.8	0.0256834
458	2.9	0.0256834
458	3	0.0243799
458	3.1	0.0243799
458	3.2	0.025524
458	3.3	0.025524
458	3.4	0.0248865
458	3.5	0.0248865
458	3.6	0.0248865
458	3.7	0.0256397
458	3.8	0.0256397
458	3.9	0.0254389
458	4	0.0254389
458	4.1	0.025214
458	4.2	0.0252162
458	4.3	0.0250459
458	4.4	0.0250459
458	4.5	0.0251004
458	4.6	0.0251703
458	4.7	0.0251703
458	4.8	0.0247467
458	4.9	0.0247467
458	5	0.0247795
468	0	0.0287842
468	0.1	0.0283034
468	0.2	0.0282521
468	0.3	0.028141
468	0.4	0.0289081
468	0.5	0.0287949
468	0.6	0.0285726
468	0.7	0.0285919
468	0.8	0.0276667
468	0.9	0.0276068
468	1	0.027562
468	1.1	0.0262799
468	1.2	0.0206346
468	1.3	0.0244124
468	1.4	0.0251261
468	1.5	0.0243889
468	1.6	0.0245427
468	1.7	0.0240577
468	1.8	0.0240641
468	1.9	0.0240662
468	2	0.0248269
468	2.1	0.0248269
468	2.2	0.0248483
468	2.3	0.0248483
468	2.4	0.0239573
468	2.5	0.0239573
468	2.6	0.0245192
468	2.7	0.0245192
468	2.8	0.0245192
468	2.9	0.024547
468	3	0.0244679
468	3.1	0.0247821
468	3.2	0.0247821
468	3.3	0.0238098
468	3.4	0.0238611
468	3.5	0.0238611
468	3.6	0.0243697
468	3.7	0.0243697
468	3.8	0.0242756
468	3.9	0.0242756
468	4	0.0242393
468	4.1	0.0242393
468	4.2	0.0243312
468	4.3	0.0243312
468	4.4	0.0243312
468	4.5	0.0242073
468	4.6	0.0242115
468	4.7	0.0251624
468	4.8	0.0251624
468	4.9	0.0239466
468	5	0.0239466
478	0	0.0296611
478	0.1	0.029659
478	0.2	0.0295711
478	0.3	0.0282469
478	0.4	0.0282762
478	0.5	0.0307301
478	0.6	0.0306444
478	0.7	0.029431
478	0.8	0.0290816
478	0.9	0.0290502
478	1	0.0279205
478	1.1	0.0220607
478	1.2	0.0221757
478	1.3	0.0240188
478	1.4	0.023887
478	1.5	0.023887
478	1.6	0.0234268
478	1.7	0.0235397
478	1.8	0.0235377
478	1.9	0.0250732
478	2	0.0250732
478	2.1	0.023
478	2.2	0.0231004
478	2.3	0.0251883
478	2.4	0.0252699
478	2.5	0.0242113
478	2.6	0.0242113
478	2.7	0.0242113
478	2.8	0.0239979
478	2.9	0.0239979
478	3	0.0246757
478	3.1	0.0246297
478	3.2	0.0251004
478	3.3	0.0251004
478	3.4	0.0251548
478	3.5	0.0237887
478	3.6	0.023795
478	3.7	0.0239163
478	3.8	0.0239163
478	3.9	0.0246904
478	4	0.0246904
478	4.1	0.0238159
478	4.2	0.0238724
478	4.3	0.0238724
478	4.4	0.0234456
478	4.5	0.0234519
478	4.6	0.0235481
478	4.7	0.0235481
478	4.8	0.0234079
478	4.9	0.0234079
478	5	0.0244456
488	0	0.0292582
488	0.1	0.0292541
488	0.2	0.0290143
488	0.3	0.0290164
488	0.4	0.0293566
488	0.5	0.0292664
488	0.6	0.0304098
488	0.7	0.0304057
488	0.8	0.0302418
488	0.9	0.0297705
488	1	0.0275287
488	1.1	0.0199898
488	1.2	0.0225184
488	1.3	0.0237848
488	1.4	0.0238094
488	1.5	0.0224857
488	1.6	0.0224857
488	1.7	0.0225902
488	1.8	0.024498
488	1.9	0.0245676
488	2	0.0236291
488	2.1	0.0236291
488	2.2	0.0224816
488	2.3	0.0224816
488	2.4	0.0225205
488	2.5	0.0245799
488	2.6	0.0245799
488	2.7	0.0243709
488	2.8	0.0243709
488	2.9	0.0249816
488	3	0.0249795
488	3.1	0.0250881
488	3.2	0.0250656
488	3.3	0.0250656
488	3.4	0.0237602
488	3.5	0.0237602
488	3.6	0.0236352
488	3.7	0.0236352
488	3.8	0.0236352
488	3.9	0.0236783
488	4	0.0236783
488	4.1	0.0230861
488	4.2	0.0232029
488	4.3	0.0234918
488	4.4	0.0234918
488	4.5	0.0234939
488	4.6	0.023832
488	4.7	0.023832
488	4.8	0.0244037
488	4.9	0.0244037
488	5	0.0233156
498	0	0.0306586
498	0.1	0.0306506
498	0.2	0.0292871
498	0.3	0.029241
498	0.4	0.0290301
498	0.5	0.0289659
498	0.6	0.0286225
498	0.7	0.0285964
498	0.8	0.0286888
498	0.9	0.0283835
498	1	0.0240241
498	1.1	0.0216827
498	1.2	0.0226767
498	1.3	0.0231968
498	1.4	0.0231988
498	1.5	0.0222972
498	1.6	0.0222952
498	1.7	0.0223454
498	1.8	0.0238936
498	1.9	0.023988
498	2	0.0233655
498	2.1	0.0233655
498	2.2	0.0238574
498	2.3	0.0238574
498	2.4	0.0238655
498	2.5	0.0234297
498	2.6	0.0234297
498	2.7	0.0243494
498	2.8	0.0243494
498	2.9	0.0240703
498	3	0.0240703
498	3.1	0.0241265
498	3.2	0.0239578
498	3.3	0.0239578
498	3.4	0.0234398
498	3.5	0.0234398
498	3.6	0.0236647
498	3.7	0.0236647
498	3.8	0.0226406
498	3.9	0.0226406
498	4	0.0226406
498	4.1	0.0237289
498	4.2	0.0236888
498	4.3	0.0237631
498	4.4	0.0237631
498	4.5	0.0235863
498	4.6	0.0235863
498	4.7	0.0235863
498	4.8	0.0239257
498	4.9	0.0239257
498	5	0.023745
508	0	0.0291457
508	0.1	0.0306909
508	0.2	0.0306909
508	0.3	0.0305197
508	0.4	0.0303386
508	0.5	0.0303642
508	0.6	0.0288268
508	0.7	0.0288051
508	0.8	0.0294626
508	0.9	0.0284331
508	1	0.0209193
508	1.1	0.0217106
508	1.2	0.0226201
508	1.3	0.0227697
508	1.4	0.0227756
508	1.5	0.0230728
508	1.6	0.0230728
508	1.7	0.0231673
508	1.8	0.022872
508	1.9	0.0228209
508	2	0.0225374
508	2.1	0.0225374
508	2.2	0.0228012
508	2.3	0.0228012
508	2.4	0.0228012
508	2.5	0.0227106
508	2.6	0.0227106
508	2.7	0.0231142
508	2.8	0.0231142
508	2.9	0.0222539
508	3	0.0222539
508	3.1	0.0222835
508	3.2	0.0244783
508	3.3	0.0244783
508	3.4	0.0233268
508	3.5	0.0233268
508	3.6	0.0227087
508	3.7	0.0227087
508	3.8	0.0227087
508	3.9	0.0231614
508	4	0.0231614
508	4.1	0.0227815
508	4.2	0.022752
508	4.3	0.0234114
508	4.4	0.0234114
508	4.5	0.0234114
508	4.6	0.0224862
508	4.7	0.0224862
508	4.8	0.0235846
508	4.9	0.0235846
508	5	0.0242874
518	0	0.0311351
518	0.1	0.0310483
518	0.2	0.0303764
518	0.3	0.030249
518	0.4	0.0308571
518	0.5	0.0308764
518	0.6	0.029556
518	0.7	0.0293996
518	0.8	0.0285579
518	0.9	0.0256699
518	1	0.0214035
518	1.1	0.022639
518	1.2	0.0227954
518	1.3	0.0230579
518	1.4	0.0230927
518	1.5	0.0230753
518	1.6	0.0230753
518	1.7	0.0231525
518	1.8	0.0229151
518	1.9	0.0229093
518	2	0.023278
518	2.1	0.0232838
518	2.2	0.0229247
518	2.3	0.0229247
518	2.4	0.0229247
518	2.5	0.0234266
518	2.6	0.0234266
518	2.7	0.0232722
518	2.8	0.0232722
518	2.9	0.0226969
518	3	0.0226969
518	3.1	0.0226988
518	3.2	0.0234537
518	3.3	0.0234537
518	3.4	0.0245212
518	3.5	0.0245212
518	3.6	0.0229247
518	3.7	0.0229247
518	3.8	0.0229247
518	3.9	0.0234807
518	4	0.0234807
518	4.1	0.0230502
518	4.2	0.0230502
518	4.3	0.0231004
518	4.4	0.0231004
518	4.5	0.0231004
518	4.6	0.0235714
518	4.7	0.0235714
518	4.8	0.0234054
518	4.9	0.0234054
518	5	0.0229498
528	0	0.030678
528	0.1	0.0288068
528	0.2	0.0288068
528	0.3	0.0287273
528	0.4	0.0300019
528	0.5	0.0299508
528	0.6	0.0291307
528	0.7	0.0290019
528	0.8	0.0282992
528	0.9	0.022464
528	1	0.0210739
528	1.1	0.0226591
528	1.2	0.022803
528	1.3	0.023267
528	1.4	0.0233523
528	1.5	0.0223371
528	1.6	0.0223371
528	1.7	0.0222311
528	1.8	0.022697
528	1.9	0.0226951
528	2	0.0233655
528	2.1	0.023392
528	2.2	0.0229773
528	2.3	0.0229773
528	2.4	0.022608
528	2.5	0.022608
528	2.6	0.022608
528	2.7	0.0229981
528	2.8	0.0229981
528	2.9	0.0228182
528	3	0.0228182
528	3.1	0.0223788
528	3.2	0.0223788
528	3.3	0.0223788
528	3.4	0.0221705
528	3.5	0.0221705
528	3.6	0.0224924
528	3.7	0.0224735
528	3.8	0.0221894
528	3.9	0.0221894
528	4	0.0221894
528	4.1	0.0223731
528	4.2	0.0223731
528	4.3	0.0226761
528	4.4	0.0226761
528	4.5	0.0224527
528	4.6	0.0224527
528	4.7	0.0225795
528	4.8	0.0225795
528	4.9	0.0225795
528	5	0.0226875
538	0	0.0303829
538	0.1	0.0304777
538	0.2	0.0304777
538	0.3	0.0307249
538	0.4	0.0307695
538	0.5	0.0306933
538	0.6	0.0309851
538	0.7	0.0309665
538	0.8	0.0276041
538	0.9	0.0192788
538	1	0.0213978
538	1.1	0.0215929
538	1.2	0.0216859
538	1.3	0.0216171
538	1.4	0.02171
538	1.5	0.0215576
538	1.6	0.0215576
538	1.7	0.0234572
538	1.8	0.0234721
538	1.9	0.0221803
538	2	0.0221803
538	2.1	0.0222509
538	2.2	0.0227342
538	2.3	0.0227342
538	2.4	0.0222007
538	2.5	0.0222007
538	2.6	0.0217621
538	2.7	0.0217621
538	2.8	0.0221729
538	2.9	0.0221283
538	3	0.0221283
538	3.1	0.0223978
538	3.2	0.0223978
538	3.3	0.021803
538	3.4	0.0218643
538	3.5	0.0223625
538	3.6	0.0223848
538	3.7	0.0224033
538	3.8	0.0224033
538	3.9	0.0224033
538	4	0.0225242
538	4.1	0.0225242
538	4.2	0.0219387
538	4.3	0.0219387
538	4.4	0.0225242
538	4.5	0.0225242
538	4.6	0.0225242
538	4.7	0.0213903
538	4.8	0.0213903
538	4.9	0.0227639
538	5	0.0227639
548	0	0.0304033
548	0.1	0.0302573
548	0.2	0.0302573
548	0.3	0.0299836
548	0.4	0.0299088
548	0.5	0.0310602
548	0.6	0.0310602
548	0.7	0.0293942
548	0.8	0.0256442
548	0.9	0.021812
548	1	0.0214617
548	1.1	0.0216478
548	1.2	0.0219854
548	1.3	0.0219964
548	1.4	0.0225091
548	1.5	0.0225201
548	1.6	0.0222153
548	1.7	0.0222628
548	1.8	0.0222135
548	1.9	0.022469
548	2	0.022469
548	2.1	0.0226423
548	2.2	0.0226423
548	2.3	0.0214635
548	2.4	0.0214635
548	2.5	0.0214288
548	2.6	0.0214234
548	2.7	0.0214234
548	2.8	0.0223996
548	2.9	0.0223777
548	3	0.0220109
548	3.1	0.0220109
548	3.2	0.0218285
548	3.3	0.0218285
548	3.4	0.0222153
548	3.5	0.0222153
548	3.6	0.0222883
548	3.7	0.021396
548	3.8	0.021396
548	3.9	0.0215821
548	4	0.0215821
548	4.1	0.0227245
548	4.2	0.0227245
548	4.3	0.0232628
548	4.4	0.0232628
548	4.5	0.0232628
548	4.6	0.0217482
548	4.7	0.0217482
548	4.8	0.0228577
548	4.9	0.0228577
548	5	0.0224361
558	0	0.0306882
558	0.1	0.0305591
558	0.2	0.0306882
558	0.3	0.0306828
558	0.4	0.0308423
558	0.5	0.0307581
558	0.6	0.0304821
558	0.7	0.0300591
558	0.8	0.0235394
558	0.9	0.0199427
558	1	0.0197401
558	1.1	0.0215878
558	1.2	0.0216004
558	1.3	0.0222706
558	1.4	0.0222599
558	1.5	0.0213853
558	1.6	0.0213871
558	1.7	0.0214176
558	1.8	0.0221183
558	1.9	0.0221183
558	2	0.0215502
558	2.1	0.0214946
558	2.2	0.0225287
558	2.3	0.0225287
558	2.4	0.0225287
558	2.5	0.0227312
558	2.6	0.0227115
558	2.7	0.0214104
558	2.8	0.0214104
558	2.9	0.0215573
558	3	0.0215573
558	3.1	0.0211398
558	3.2	0.0211398
558	3.3	0.0211398
558	3.4	0.0216685
558	3.5	0.0216685
558	3.6	0.0214319
558	3.7	0.021491
558	3.8	0.0217294
558	3.9	0.0217294
558	4	0.0217294
558	4.1	0.0224086
558	4.2	0.0224086
558	4.3	0.0227832
558	4.4	0.0227832
558	4.5	0.0228996
558	4.6	0.0228996
558	4.7	0.0228996
558	4.8	0.0224427
558	4.9	0.0224427
558	5	0.0215394
568	0	0.0305845
568	0.1	0.030007
568	0.2	0.0300106
568	0.3	0.030007
568	0.4	0.0299665
568	0.5	0.0298944
568	0.6	0.0299595
568	0.7	0.0288539
568	0.8	0.0203028
568	0.9	0.0216197
568	1	0.0217324
568	1.1	0.0218979
568	1.2	0.0219085
568	1.3	0.0216761
568	1.4	0.0216778
568	1.5	0.0218891
568	1.6	0.0219049
568	1.7	0.0217183
568	1.8	0.0217482
568	1.9	0.0217482
568	2	0.0219613
568	2.1	0.0219437
568	2.2	0.020375
568	2.3	0.020375
568	2.4	0.0213169
568	2.5	0.0213169
568	2.6	0.0212764
568	2.7	0.0218873
568	2.8	0.0218873
568	2.9	0.0216356
568	3	0.0216356
568	3.1	0.021257
568	3.2	0.021257
568	3.3	0.021257
568	3.4	0.022456
568	3.5	0.022456
568	3.6	0.0214102
568	3.7	0.0214173
568	3.8	0.0227165
568	3.9	0.0227165
568	4	0.0227165
568	4.1	0.0227923
568	4.2	0.0227923
568	4.3	0.0224155
568	4.4	0.0224155
568	4.5	0.0212923
568	4.6	0.0212923
568	4.7	0.0212923
568	4.8	0.0215863
568	4.9	0.0215863
568	5	0.0214085
578	0	0.0309204
578	0.1	0.0308443
578	0.2	0.030872
578	0.3	0.0308668
578	0.4	0.0287699
578	0.5	0.0287318
578	0.6	0.0310017
578	0.7	0.027917
578	0.8	0.0223235
578	0.9	0.0203737
578	1	0.0220138
578	1.1	0.0220173
578	1.2	0.0220156
578	1.3	0.0218754
578	1.4	0.021891
578	1.5	0.0221073
578	1.6	0.0221713
578	1.7	0.0207491
578	1.8	0.0207232
578	1.9	0.0207232
578	2	0.0208685
578	2.1	0.0208685
578	2.2	0.0219204
578	2.3	0.0219204
578	2.4	0.0212561
578	2.5	0.0212561
578	2.6	0.0213478
578	2.7	0.021417
578	2.8	0.021417
578	2.9	0.021827
578	3	0.021827
578	3.1	0.0208391
578	3.2	0.0208391
578	3.3	0.0208391
578	3.4	0.0212855
578	3.5	0.0212855
578	3.6	0.0215657
578	3.7	0.0215709
578	3.8	0.0215225
578	3.9	0.0215225
578	4	0.020936
578	4.1	0.020936
578	4.2	0.020936
578	4.3	0.0216574
578	4.4	0.0216574
578	4.5	0.0217128
578	4.6	0.0217128
578	4.7	0.0212336
578	4.8	0.0212353
578	4.9	0.0212353
578	5	0.0220657
588	0	0.0314099
588	0.1	0.0306854
588	0.2	0.0306293
588	0.3	0.0313299
588	0.4	0.0311565
588	0.5	0.0311446
588	0.6	0.0304439
588	0.7	0.0246956
588	0.8	0.0213929
588	0.9	0.0214813
588	1	0.0221378
588	1.1	0.0221667
588	1.2	0.0221633
588	1.3	0.0214014
588	1.4	0.0214473
588	1.5	0.021648
588	1.6	0.0217262
588	1.7	0.0214184
588	1.8	0.0214847
588	1.9	0.0212738
588	2	0.0212738
588	2.1	0.0212738
588	2.2	0.0213571
588	2.3	0.0213571
588	2.4	0.0225153
588	2.5	0.0225153
588	2.6	0.0208163
588	2.7	0.0208163
588	2.8	0.0208163
588	2.9	0.021648
588	3	0.021648
588	3.1	0.0217483
588	3.2	0.0217483
588	3.3	0.0211088
588	3.4	0.0211088
588	3.5	0.0211088
588	3.6	0.020483
588	3.7	0.0204864
588	3.8	0.0214388
588	3.9	0.0214388
588	4	0.0211667
588	4.1	0.0211667
588	4.2	0.0210799
588	4.3	0.0210799
588	4.4	0.0210799
588	4.5	0.0218197
588	4.6	0.0218197
588	4.7	0.0209337
588	4.8	0.0209456
588	4.9	0.0224184
588	5	0.0224184
598	0	0.0311221
598	0.1	0.0307642
598	0.2	0.0307057
598	0.3	0.0304749
598	0.4	0.0303679
598	0.5	0.0297625
598	0.6	0.0288445
598	0.7	0.0220351
598	0.8	0.0207057
598	0.9	0.0208495
598	1	0.0211254
598	1.1	0.0211706
598	1.2	0.0216522
598	1.3	0.0216555
598	1.4	0.0216756
598	1.5	0.0213294
598	1.6	0.0212826
598	1.7	0.0212074
598	1.8	0.0212609
598	1.9	0.0203846
598	2	0.0203846
598	2.1	0.0203846
598	2.2	0.0215786
598	2.3	0.0215786
598	2.4	0.0202692
598	2.5	0.0202692
598	2.6	0.0212358
598	2.7	0.0212391
598	2.8	0.0208863
598	2.9	0.0208863
598	3	0.0208863
598	3.1	0.021214
598	3.2	0.021214
598	3.3	0.0208813
598	3.4	0.0208813
598	3.5	0.0210936
598	3.6	0.0210936
598	3.7	0.0210936
598	3.8	0.0202258
598	3.9	0.0202258
598	4	0.0219214
598	4.1	0.0219214
598	4.2	0.0212893
598	4.3	0.0212893
598	4.4	0.0212893
598	4.5	0.0209983
598	4.6	0.0209983
598	4.7	0.0203696
598	4.8	0.0204047
598	4.9	0.0198829
598	5	0.0198829
