1.78393
1.80759
1.86152
1.83601
1.62343
1.47076
1.30131
1.1598
1.08147
1.04104
1.00452
1.02508
1.00703
1.03363
1.04417
1.04663
1.03082
1.02937
1.04279
1.03118
1.04516
1.01781
1.02084
1.04123
1.05052
1.04142
1.00753
1.0562
1.02985
1.0257
1.03024
1.0454
1.01768
1.03385
1.0512
1.02507
1.03025
1.05493
1.04339
1.03282
1.0505
1.05074
1.03994
1.04864
1.03924
1.02893
1.02754
1.02777
1.04267
1.00479
1.0436
1.02615
1.05799
1.01489
1.01762
1.03402
1.03206
1.01118
1.02424
1.05056
1.03669
1.03047
1.02582
1.03378
1.03859
1.02973
1.02398
1.0387
1.02827
1.02935
0.99804
1.02507
1.02899
1.02
1.0394
1.04267
1.05328
1.03987
1.02532
1.02572
1.03351
1.01905
1.01661
1.02579
1.01985
1.04792
1.01125
1.04184
1.03905
1.0306
1.01697
1.05313
1.03492
1.04416
1.04537
1.03093
1.03458
1.01991
1.02404
1.03913
1.03909
1.02463
1.03153
1.04098
1.00932
1.04136
1.03658
1.05003
1.03905
1.0246
1.01825
1.02259
1.02573
1.02516
1.01112
0.99449
1.02649
0.99975
1.0368
1.04758
1.02048
1.04851
1.05989
1.04769
1.01552
1.04773
1.01562
1.0378
1.00162
1.03669
1.0018
1.00856
1.02851
1.02599
1.00237
1.04504
1.02511
1.03523
1.03187
1.04114
1.02078
1.02661
1.06689
1.02172
1.05576
1.0494
1.03872
1.04789
1.01695
1.02263
1.02735
1.02371
1.02023
1.02217
1.02694
1.037
1.02476
1.02117
1.05072
1.02417
1.02024
1.01726
1.02272
1.01695
1.03097
1.04405
1.03593
1.0275
1.00731
1.02809
1.0302
1.03162
1.02448
1.02292
1.02471
1.01996
1.01781
1.02563
1.03831
1.05077
1.03914
1.03911
1.04836
1.04031
1.01677
1.02619
1.04591
1.01147
1.03354
1.05059
1.02156
1.05788
1.05082
1.0128
1.01663
1.01407
1.04518
1.00907
1.03023
1.00809
1.03577
1.04548
1.03219
1.0469
1.0333
1.03388
1.04172
1.01007
1.02678
1.02473
1.02656
1.0437
1.01192
1.02796
1.05543
1.01976
1.0346
1.01945
1.04758
1.01165
1.01942
1.04918
1.00955
1.02534
1.03524
1.03503
1.01984
1.05788
1.04778
1.03729
1.01645
1.03426
1.03104
1.01669
1.01487
1.02196
1.00806
1.01765
1.03014
1.02303
1.03203
1.02421
1.02262
1.02961
1.01303
1.02506
1.00435
1.02293
1.01573
1.00869
1.0169
1.02832
1.01959
1.02065
1.05278
1.04936
1.0205
1.02983
1.02631
1.02737
1.06042
1.01567
1.02973
1.02624
1.05726
1.02277
1.03709
1.03853
1.0449
1.02814
1.0171
1.05809
1.02581
0.99892
1.00521
1.04849
1.00115
1.03048
1.0548
1.02992
1.03312
1.02943
1.01036
1.01412
1.01912
1.06937
1.03975
1.02479
1.03278
1.01055
1.02314
1.04837
1.00897
1.0339
1.01527
1.03638
1.02318
1.01156
1.03728
1.01731
1.03576
1.02361
1.03092
1.00511
1.03454
1.02153
1.03611
1.02158
1.01975
1.03651
1.04947
1.02611
1.01125
1.02774
1.04247
0.99816
1.02006
1.04271
1.04529
1.02298
1.02656
1.03319
1.03331
1.04391
1.02789
1.01158
1.04178
1.03504
1.04116
1.02437
1.0414
1.01212
1.03881
1.04481
1.01382
1.01155
1.02775
1.03162
1.03412
1.02426
1.01053
1.04952
1.04104
1.05175
1.03152
1.02921
1.03327
1.04677
1.03498
1.03324
1.03799
1.01636
1.0194
1.01737
1.03996
1.02612
1.03932
1.02173
1.0206
1.01432
1.01302
1.02816
1.02656
1.04358
1.03156
1.01286
1.02821
1.03867
1.04272
1.03808
1.04254
1.03121
1.05075
1.03486
1.04602
1.02038
1.0208
1.04765
1.04499
1.01906
1.03418
1.02468
1.03055
1.03693
1.0153
1.02534
1.03114
1.04359
1.02206
1.00418
1.01524
1.01929
1.03503
1.02148
1.05334
1.03145
1.0449
1.03805
1.03026
1.0264
1.04175
1.04029
1.02811
1.03016
1.02978
1.02665
1.02819
1.03796
1.04244
1.01825
1.03653
1.00934
1.03342
1.03001
1.04196
1.01827
1.04017
0.99553
1.02466
1.03452
1.01996
1.01499
1.03573
1.02036
1.01384
1.0295
1.01035
1.02693
1.04226
1.02896
1.04423
1.01768
1.01116
1.06342
1.02843
1.0223
1.0211
1.01871
1.04731
1.05328
1.03289
1.03546
1.04182
1.03431
1.01323
1.04736
1.02608
1.03261
1.01787
1.05141
1.03165
1.02099
1.03301
1.05201
1.04571
1.03467
1.02635
1.0274
1.041
1.00748
1.02922
1.02411
1.01614
1.04319
1.01489
1.0226
1.03586
1.03873
1.04328
1.03785
1.04131
1.04757
1.01868
1.01866
1.01287
1.02413
1.05025
1.02697
1.02465
0.98548
1.02039
1.02153
1.03642
1.02322
1.02162
1.0223
1.05024
1.02798
1.0464
1.03702
1.01928
1.03149
1.03354
1.00242
1.03332
1.04546
1.02249
1.00425
1.02618
1.01096
1.0482
1.04904
1.03877
1.02523
1.02224
1.03547
1.05288
1.04189
1.01881
1.05409
1.04258
1.00108
1.02259
1.03539
1.03825
1.02717
1.02059
1.02237
1.02006
1.02429
1.05295
1.04999
1.04322
1.01023
1.02896
1.01231
1.03208
1.00775
1.04953
1.03962
1.01993
1.03189
1.02452
1.03892
1.04225
1.01189
1.05297
1.04004
1.01862
1.01095
1.02528
1.04886
1.03129
1.05071
1.03046
0.99993
1.0102
1.03512
1.03063
1.03328
1.018
1.03117
1.01958
1.03634
1.04413
1.02349
1.02601
1.03633
0.99883
1.0216
1.01322
1.04678
1.03415
0.99642
1.04017
1.03633
1.03675
1.03984
1.04543
1.02122
1.01379
1.02722
1.0343
1.01817
1.03551
1.04322
1.00021
1.0349
1.03296
1.01647
1.0584
1.01963
1.04696
1.01841
1.02191
1.0472
1.03075
1.02968
1.0157
1.02327
1.05016
1.00958
1.01888
1.06293
1.02569
1.03032
1.00045
1.02698
1.00872
1.03069
1.03622
1.02893
1.03368
1.02893
1.02905
1.00953
1.02163
1.02153
1.03063
1.03372
1.02437
1.056
1.04122
1.03043
1.02068
1.02198
0.99428
1.03989
1.03634
1.02811
1.03988
1.0146
1.04232
1.0162
1.03775
1.04508
1.03933
1.01846
1.03359
1.03923
1.03414
1.05023
1.01981
1.00316
1.03521
1.04418
0.99607
1.02788
1.02121
1.03001
1.05539
1.03975
1.02727
1.01065
1.03648
1.02134
1.03807
1.02293
1.04211
1.01481
1.04012
1.03994
1.04135
1.02291
1.04023
1.01695
1.01736
1.03711
1.04105
1.01634
1.01334
1.01889
1.0282
1.02622
1.04363
1.02963
1.00645
1.02385
1.02747
1.02639
1.03367
1.03224
1.01499
1.01197
1.05689
1.03331
1.02886
1.03535
1.0427
1.04173
1.02734
1.0119
1.03083
1.03258
1.04185
1.04629
1.04192
1.02454
1.03242
1.01586
1.01405
1.03251
1.04778
1.03894
1.03702
1.03714
1.04176
1.02277
1.02744
1.00854
1.06245
0.99693
1.03049
1.00776
1.04608
1.03037
1.0023
0.98247
1.02982
1.03881
1.04713
1.04183
1.0393
1.0271
1.0358
1.04265
1.03491
1.01899
1.01834
1.02031
1.0292
1.03379
1.03719
1.00359
1.02286
1.0414
1.04064
1.01659
1.02059
1.03393
1.02861
1.04121
1.04773
1.04104
1.05354
1.03095
1.02759
1.00024
1.00374
1.03443
1.03748
1.02092
1.03963
1.04325
1.035
1.01299
1.04617
1.01748
1.00278
1.05881
1.03807
1.02187
1.03596
1.03169
1.00919
1.03646
1.00763
1.00847
1.03839
1.02315
1.03566
1.0174
1.00542
1.07341
1.04541
1.0258
1.01073
1.04361
1.06388
1.0409
1.0216
1.05025
1.01709
1.03776
1.02053
1.04979
1.02751
1.02826
1.03002
1.02814
1.00946
1.01942
1.04123
1.0353
1.01028
1.02842
1.03477
1.0427
1.03555
1.00219
1.05014
1.01212
1.01723
1.03413
1.0459
1.01263
1.03515
1.02477
1.03367
1.02779
1.02873
1.02371
1.0448
1.00337
1.02464
1.02273
1.02887
1.01503
1.02397
1.03343
1.04381
1.04246
1.03857
1.00639
1.01589
1.04873
1.03162
1.01666
1.01756
1.04229
1.02046
1.04101
1.03839
1.01729
0.99457
1.00193
1.04893
1.01383
1.04572
1.03753
1.00166
1.00818
1.00621
1.01134
1.02413
1.05558
1.04251
1.05086
1.05709
1.03153
1.02371
1.02746
1.04042
1.02531
1.05321
1.03802
1.03612
1.0217
1.02464
1.0332
1.04323
0.99988
1.03283
1.04158
1.0179
1.04679
1.02428
1.03552
1.02977
1.00817
1.04464
1.01131
1.02254
1.03965
1.02943
1.03811
1.01828
1.03718
1.03885
1.01337
1.03644
1.02776
1.02321
1.01298
1.0382
1.02353
1.05023
1.01049
1.02918
1.04227
1.01922
1.02628
1.02667
1.0266
1.03414
1.02671
1.02885
1.02755
1.02619
1.03972
1.05065
1.02772
1.02056
1.01689
1.02964
1.02531
1.04252
1.04745
1.04966
1.04971
1.03896
1.04176
1.00631
1.02749
1.0302
1.0143
1.01869
1.03751
1.04948
1.03758
1.03178
1.0274
1.01069
1.03425
1.03964
1.03804
1.04909
1.02679
1.03349
1.03869
1.0237
1.02569
1.05987
1.0459
1.04229
1.02743
1.02967
1.02362
1.03563
1.02461
1.05863
1.02333
1.02651
1.04764
1.01596
1.00808
1.05654
1.04681
1.04754
1.0394
1.0194
1.03403
1.02327
1.03531
1.06398
1.01869
1.03794
1.04418
1.04056
1.01582
1.02321
1.02803
1.03824
1.03921
1.03156
1.04712
1.01691
1.04416
1.01005
1.05191
1.02078
1.01983
1.00967
1.04428
1.0084
1.04864
1.04915
1.03418
1.03859
1.03215
1.05888
1.04845
1.0306
1.01573
1.05283
1.0244
1.02689
1.05582
1.03704
1.04873
1.05881
1.01827
1.04175
1.00025
1.02559
1.02796
1.03856
1.02974
1.03486
1.0307
1.0272
1.03555
1.0328
1.0075
1.02371
1.02749
1.02061
1.03799
1.04543
