2.10823
2.11599
2.10596
2.08848
2.11237
2.08317
2.08329
2.09123
2.08248
2.10357
2.11101
2.10943
2.08268
2.10153
2.09522
2.1219
2.06904
2.10089
2.08525
2.07936
2.11191
2.12756
2.09072
2.12673
2.10208
2.08402
2.08805
2.09628
2.0843
2.10751
2.09469
2.09968
2.07779
2.10498
2.09595
2.07932
2.08527
2.10771
2.0684
2.09898
2.08811
2.07399
2.0974
2.10015
2.07438
2.08412
2.07432
2.08151
2.09222
2.0708
2.06726
2.08494
2.05972
2.06184
2.08947
2.07855
2.09672
2.07906
2.10022
2.06693
2.10094
2.09339
2.09082
2.1232
2.08632
2.07976
2.11853
2.09157
2.09724
2.09735
2.04617
2.07823
2.06591
2.08239
2.08938
2.05967
2.09703
2.07359
2.04455
2.06822
2.09303
2.07311
2.07969
2.05836
2.07828
2.06139
2.0422
2.0761
2.06018
2.08177
2.08875
2.06434
2.06793
2.05884
2.02663
2.01095
1.97338
1.94371
1.89396
1.81301
1.74766
1.64534
1.5558
1.481
1.42125
1.51494
1.56645
1.58823
1.56842
1.58709
1.59012
1.63113
1.6152
1.66338
1.63818
1.61861
1.65872
1.62064
1.61598
1.6483
1.65995
1.63011
1.6556
1.64694
1.63167
1.64279
1.65692
1.65548
1.6369
1.61856
1.64514
1.66179
1.65772
1.64387
1.64541
1.65519
1.62443
1.63421
1.66654
1.61108
1.63769
1.66408
1.66122
1.66956
1.6633
1.65436
1.61852
1.66415
1.63272
1.62876
1.63515
1.64947
1.64763
1.63166
1.67681
1.66525
1.65775
1.65386
1.6824
1.68425
1.65375
1.63657
1.61394
1.67735
1.65614
1.64589
1.6572
1.65223
1.64133
1.64386
1.64629
1.65275
1.66778
1.64734
1.64601
1.64351
1.6389
1.64921
1.65929
1.64147
1.66061
1.6515
1.64354
1.64802
1.65378
1.66467
1.65335
1.64962
1.68612
1.64273
1.66521
1.63902
1.637
1.65436
1.66988
1.65942
1.68511
1.64562
1.66739
1.67123
1.64914
1.63567
1.65984
1.65809
1.67106
1.6709
1.61435
1.65269
1.66753
1.68554
1.65111
1.65817
1.65377
1.65868
1.65907
1.64522
1.68454
1.67002
1.65827
1.65319
1.66618
1.67639
1.65262
1.66465
1.66649
1.65865
1.64782
1.69602
1.64319
1.65317
1.65106
1.65166
1.65646
1.67189
1.65869
1.64662
1.64303
1.6817
1.67248
1.66315
1.664
1.65229
1.65452
1.6646
1.65727
1.6364
1.66036
1.6464
1.66074
1.65922
1.65164
1.66682
1.67631
1.64989
1.6534
1.65161
1.66839
1.64042
1.66742
1.65416
1.65046
1.68446
1.65831
1.66164
1.68225
1.64618
1.68792
1.68098
1.66326
1.6386
1.66996
1.68192
1.66312
1.66588
1.65672
1.6608
1.66504
1.68488
1.65524
1.66432
1.6743
1.66895
1.65626
1.66716
1.6545
1.65299
1.66165
1.6613
1.66281
1.63239
1.65359
1.6681
1.66959
1.65406
1.6696
1.67282
1.66932
1.65872
1.66083
1.66316
1.66849
1.68267
1.65703
1.66365
1.67491
1.67406
1.65826
1.66864
1.66709
1.66241
1.68347
1.69414
1.65822
1.69485
1.65283
1.67853
1.65222
1.68796
1.65581
1.65335
1.65631
1.65063
1.67093
1.6591
1.66628
1.66888
1.67064
1.65765
1.6605
1.6813
1.6692
1.64945
1.65535
1.66829
1.67998
1.65504
1.64562
1.68371
1.6422
1.6814
1.6775
1.69663
1.66746
1.67083
1.67493
1.66585
1.67498
1.64426
1.6807
1.66683
1.68596
1.65354
1.66181
1.65719
1.6958
1.66019
1.68544
1.67489
1.65484
1.66576
1.66201
1.65455
1.66521
1.66043
1.66048
1.66839
1.67798
1.66438
1.67141
1.66395
1.67303
1.67228
1.66866
1.6629
1.68731
1.64154
1.67526
1.66676
1.64883
1.65993
1.67339
1.70223
1.64902
1.66918
1.67247
1.65634
1.66936
1.63632
1.65954
1.65709
1.66747
1.6689
1.67853
1.67068
1.66623
1.68261
1.65772
1.65373
1.65051
1.67472
1.68731
1.65563
1.66807
1.68026
1.66536
1.65302
1.67173
1.67765
1.66216
1.66252
1.65466
1.68415
1.64612
1.65661
1.65677
1.66403
1.66573
1.68498
1.6676
1.69603
1.6892
1.6644
1.65349
1.6889
1.66487
1.67482
1.67575
1.68618
1.63872
1.65668
1.66974
1.65988
1.6633
1.67999
1.65893
1.63501
1.68541
1.6775
1.66676
1.68036
1.67114
1.66639
1.66612
1.6692
1.67123
1.67532
1.67479
1.67793
1.66416
1.66317
1.69879
1.67716
1.68496
1.6828
1.68472
1.66053
1.67403
1.69635
1.66851
1.67062
1.64896
1.67062
1.67885
1.68314
1.67855
1.678
1.68832
1.67993
1.65719
1.68548
1.66508
1.66948
1.66446
1.65167
1.6899
1.65448
1.65568
1.65086
1.6344
1.69299
1.66152
1.6554
1.64415
1.66136
1.66161
1.66896
1.66957
1.6676
1.65977
1.69726
1.67495
1.67637
1.66032
1.67074
1.68841
1.67475
1.64902
1.63974
1.68296
1.67638
1.65233
1.66896
1.65478
1.64878
1.65037
1.65388
1.68699
1.673
1.68318
1.6733
1.67733
1.67596
1.66218
1.66643
1.65837
1.66725
1.66677
1.69452
1.65522
1.66945
1.67727
1.64906
1.69364
1.65838
1.67783
1.67203
1.66292
1.66928
1.67247
1.68406
1.69451
1.65576
1.64848
1.67962
1.68252
1.64968
1.69334
1.66218
1.65954
1.66596
1.66515
1.67649
1.68718
1.67416
1.65223
1.66323
1.66283
1.68215
1.66518
1.65764
1.67562
1.67048
1.65618
1.67092
1.65134
1.68785
1.66691
1.628
1.69636
1.67654
1.66798
1.68479
1.6526
1.67192
1.67402
1.66134
1.65942
1.69001
1.66636
1.66063
1.68123
1.65384
1.67255
1.66913
1.67365
1.65464
1.6766
1.65422
1.67107
1.67105
1.69215
1.6766
1.66806
1.67094
1.68517
1.65966
1.6766
1.66059
1.65781
1.67255
1.67536
1.67934
1.671
1.6694
1.66748
1.69043
1.64966
1.66178
1.64495
1.66646
1.6693
1.65072
1.67537
1.6631
1.64754
1.68095
1.69104
1.65739
1.64698
1.6758
1.66288
1.66266
1.68864
1.66484
1.66276
1.65081
1.67838
1.67549
1.6567
1.66648
1.65554
1.65855
1.65648
1.66214
1.65244
1.66266
1.66651
1.67872
1.66802
1.67363
1.66182
1.67612
1.68662
1.66553
1.69943
1.67186
1.68303
1.67104
1.67469
1.65541
1.66449
1.66428
1.68055
1.65439
1.64861
1.65889
1.6844
1.68297
1.65299
1.64251
1.69227
1.6528
1.64678
1.66059
1.66318
1.65547
1.64688
1.69209
1.67288
1.68682
1.66929
1.67166
1.67183
1.66191
1.66193
1.67378
1.657
1.68864
1.67196
1.67008
1.66947
1.68517
1.67829
1.67165
1.65932
1.67239
1.68331
1.65998
1.6651
1.67826
1.68753
1.67242
1.68428
1.66385
1.67438
1.69616
1.65885
1.68134
1.6649
1.67524
1.67151
1.668
1.65673
1.6567
1.67684
1.64263
1.62849
1.69237
1.65964
1.67776
1.67212
1.66817
1.70404
1.66768
1.64765
1.67254
1.63264
1.63918
1.6468
1.64723
1.688
1.6691
1.66349
1.68098
1.66178
1.65299
1.65737
1.66556
1.67129
1.6728
1.6509
1.67365
1.67265
1.67744
1.65977
1.66743
1.65911
1.68926
1.66361
1.65663
1.67977
1.68397
1.65955
1.66547
1.65317
1.66093
1.66618
1.67254
1.65561
1.65938
1.65583
1.65666
1.68359
1.67113
1.65898
1.68382
1.68571
1.67805
1.696
1.69156
1.66975
1.65366
1.67032
1.6589
1.65832
1.67788
1.64944
1.64154
1.65442
1.66897
1.66249
1.66456
1.70465
1.67418
1.66332
1.65562
1.68177
1.6605
1.67446
1.66354
1.67171
1.67309
1.67422
1.6616
1.69614
1.66827
1.66548
1.67124
1.66451
1.66188
1.66287
1.64351
1.68631
1.67581
1.67993
1.66867
1.65733
1.67229
1.64649
1.68051
1.66322
1.71542
1.66212
1.67647
1.66737
1.66097
1.66207
1.65829
1.68099
1.66965
1.68027
1.66346
1.68371
1.65368
1.67605
1.66679
1.6811
1.63915
1.64885
1.65405
1.67925
1.66309
1.67275
1.66929
1.67002
1.65532
1.67538
1.6787
1.6559
1.65043
1.65717
1.6608
1.68513
1.66262
1.65495
1.66549
1.65104
1.67928
1.63893
1.65798
1.66267
1.66109
1.67276
1.66371
1.67275
1.66939
1.66499
1.65633
1.67654
1.64656
1.67337
1.67578
1.66098
1.67905
1.67715
1.67002
1.68068
1.64367
1.65926
1.66924
1.69066
1.66658
1.66801
1.67796
1.68492
1.68336
1.6381
1.65605
1.68044
1.65204
1.6793
1.66721
1.673
1.67961
1.68087
1.67494
1.64538
1.6761
1.66896
1.68002
1.67981
1.64468
1.70241
1.66773
1.66788
1.65287
1.66969
1.65917
1.67963
1.69332
1.68141
1.6838
1.66998
1.69795
1.65334
1.68052
1.64632
1.67895
1.68044
1.66748
1.66666
1.68188
1.66403
1.67143
1.65215
1.66686
1.65933
1.67878
1.67433
1.67062
1.67384
1.66757
1.65972
1.65975
1.69475
1.6673
1.65499
1.68192
1.65842
1.6634
1.67428
1.65372
1.65882
1.69381
1.66479
1.67294
1.66822
1.68766
1.65173
1.66342
1.65904
1.67986
1.66709
1.66835
1.67369
1.67443
1.67821
1.66897
1.67593
1.66865
1.67864
1.64839
1.67258
1.65189
1.68179
1.67381
1.67446
1.68906
1.65596
1.65429
1.68749
1.67518
1.68425
1.65987
1.67453
1.67184
1.68521
1.68839
1.69653
1.6826
1.68364
1.67758
1.68166
1.67043
1.64466
1.67986
1.67248
1.66954
1.68717
1.67202
1.66863
1.65564
1.66795
1.67247
1.68532
1.69387
1.66844
1.67089
1.65017
1.67595
1.66612
1.67719
1.68242
1.67428
1.66348
1.68236
1.68116
1.68141
1.6452
1.67876
1.67063
1.66957
1.67349
1.67624
1.6941
1.67795
1.66332
1.67756
1.66924
1.67384
1.68215
1.67288
1.67592
1.67375
1.66035
1.66344
1.69127
1.65888
1.674
