0
0
0.140401
0.155577
0.382471
0.250257
0.749098
0.641987
0.337479
1.06527
0.516542
1.01043
1.31039
0.861391
0.618728
1.28996
1.47224
0.617945
0.803213
0.87635
1.57337
1.52469
1.03637
0.983056
1.16315
1.18677
1.11873
1.40838
1.55088
1.07276
0.609842
0.527026
0.455209
0.532131
0.257515
0.33824
-0.149744
0.522138
0.450335
0.995526
-0.0169398
0.0720346
0.797374
0.116654
0.0816251
-0.170343
0.481256
-0.0884167
-0.316174
-0.200814
0.179694
-0.0638166
-0.120705
-0.76528
0.0515996
-0.427847
0.70566
-0.193393
-0.815539
-0.361621
0.637662
-0.733105
-0.0216342
-0.138237
0.0194653
0.274308
-0.934487
0.155043
-0.160128
0.692767
-0.380025
0.277838
0.0386589
-0.0241578
-0.398618
-0.0894092
-0.154669
-0.31127
-0.146593
-0.0417157
-0.157372
-0.0796634
-0.213503
-0.176462
-0.1044
0.305702
-0.0749905
0.406294
0.0518752
-0.0645524
-0.30945
0.0877483
0.348427
0.497713
-0.0540413
0.4985
0.26004
-0.280509
-0.105021
0.18163
-0.002241
-0.101873
0.00814286
0.0925538
0.0903813
-0.105911
0.206169
0.260808
0.00530243
-0.293832
-0.188356
0.934325
0.0378484
-0.0933453
0.114609
0.232952
0.210095
0.195818
-0.0422
0.234186
-0.166785
0.000259983
0.216731
0.416859
0.42879
0.00929279
0.321656
0.37335
0.308083
0.292932
-0.0493851
0.150068
-0.0749946
0.150084
0.200991
0.252791
0.411168
0.403829
0.41962
0.625162
0.511812
1.42949
2.32571
1.42137
2.29909
2.81158
2.46127
2.82685
2.21985
2.74753
2.38704
2.73606
2.33289
2.29461
2.42772
2.42605
1.96433
2.91101
2.29394
3.09034
2.87256
3.44525
2.9238
2.84705
3.64935
3.50395
4.45639
3.37856
3.35822
3.3212
2.14156
0.722047
1.75302
1.21327
1.01515
1.10375
0.105959
0.195365
-0.218463
-0.121176
-0.869425
0.273342
-0.504969
-0.878267
-0.697069
-0.119382
-0.396071
-0.75458
-0.343196
0.0960856
-0.274921
-0.928923
0.116437
1.07811
1.15483
1.40643
1.96307
2.89835
2.58139
4.58162
4.69771
5.12681
6.92155
8.08291
9.87918
8.18273
11.7741
11.087
14.0548
14.1124
15.5777
17.2797
18.9683
18.5247
21.6151
22.8676
21.6324
25.3994
25.404
26.9145
27.3943
27.9978
28.9601
30.6913
32.3701
32.6626
33.3411
34.9447
33.5962
35.2538
36.4795
36.7995
37.5846
37.3947
39.2677
38.859
39.4747
39.0971
40.319
40.4175
42.0357
41.0694
40.3752
41.9972
41.4627
43.1533
42.3129
42.24
42.1672
43.1178
43.8442
44.4095
43.4744
44.1429
43.8735
44.5237
44.422
45.0535
44.491
43.6217
44.9035
44.0543
44.5313
44.9538
45.9023
44.556
45.4361
45.25
45.2286
45.1641
45.0953
45.5197
45.2082
46.19
45.6657
45.0655
46.2319
45.4237
46.1626
45.3597
46.244
45.6581
45.0352
46.3304
46.5854
46.497
45.9805
46.9743
46.6905
46.9137
47.2036
47.3605
46.4153
46.9147
46.7044
46.9327
47.0507
46.6528
47.2679
46.5716
46.6482
47.7362
47.3248
47.7995
47.8483
47.2295
48.2678
48.0633
47.5671
48.0392
49.0305
48.3967
48.7133
47.7176
49.129
48.0507
49.016
48.9458
49.6167
48.1112
49.3577
49.0202
49.274
49.0491
48.9632
49.3078
49.0912
49.3228
48.8613
48.7468
49.3093
49.3565
49.2587
49.9896
49.8264
50.1606
49.7172
50.4499
49.7803
50.18
50.0382
49.007
50.2318
50.1775
50.2662
50.9743
49.8986
51.7579
51.297
49.9137
49.8527
50.2699
50.8118
50.9441
50.4757
50.3171
50.3492
51.0104
51.2935
50.946
50.3993
51.1157
50.9988
50.2745
51.5982
50.4582
50.5289
51.0855
51.2322
51.6749
51.1836
51.3436
50.8661
51.3893
51.519
51.1694
51.1786
51.5777
52.2502
51.7303
51.9656
51.8166
52.6121
51.4656
51.5641
51.3726
51.9094
51.8505
52.0743
51.8656
52.3316
51.7342
51.6563
52.149
52.1162
52.5959
51.5867
51.975
51.5638
51.3534
51.8515
51.5617
52.4531
51.6608
51.6
51.6219
52.0083
51.9663
52.871
52.444
51.7178
52.5518
52.8799
52.4437
53.055
52.7127
52.4977
53.0237
52.3882
52.3864
52.6382
52.6733
52.7703
53.2105
52.3845
52.1121
52.6671
52.5085
52.7457
52.874
52.8216
53.1666
53.2969
52.2711
51.8453
52.3768
52.874
52.295
52.8512
51.8553
52.6073
52.3385
52.4703
52.8577
52.7764
51.5649
53.3033
52.361
53.4024
54.7284
53.8693
54.991
54.0789
55.4843
54.3084
54.5723
55.6373
55.1062
54.8232
54.6197
54.3944
54.1074
54.3043
55.2361
54.5172
55.6938
55.2398
54.5982
54.8312
55.5082
54.8186
54.5382
54.7917
53.8886
55.1452
55.4829
54.7855
55.2694
55.6008
54.8525
54.7335
54.8566
54.7959
54.8889
54.7932
55.1381
55.5255
54.9061
54.8133
56.0701
55.1738
55.6452
54.517
55.2766
55.2979
55.2042
55.2586
53.8244
53.6081
54.3305
54.6442
54.2827
54.8592
55.1794
54.6431
54.1345
54.7701
54.2545
53.6676
53.9584
54.5528
53.9083
54.426
54.2204
53.7224
53.4844
53.5627
53.6438
53.2979
52.5771
53.1735
51.9416
50.4865
48.3214
45.6761
43.9385
40.5854
37.8001
37.1023
36.1007
35.7858
34.952
34.2835
34.3642
33.585
32.2004
31.3214
30.2311
29.1023
28.7482
27.5754
27.2986
26.2425
25.4439
25.343
25.4829
25.6584
25.3077
25.603
26.3839
26.9631
27.241
27.0888
28.4348
30.3663
30.446
30.7531
31.7224
31.6649
31.9398
31.7031
32.0071
31.9624
31.5765
31.2893
30.5968
30.2443
30.0292
29.6182
29.2425
29.1582
29.2201
26.3018
26.0367
25.5104
25.5952
25.1478
25.6376
25.1087
24.6351
24.7734
24.6507
24.3752
23.8061
23.2965
23.4645
23.3188
23.5174
23.2816
22.9224
22.8509
23.0582
23.0009
22.9103
22.47
22.7121
22.3298
22.5971
22.5199
22.1481
22.1663
22.5346
22.0081
22.176
21.7136
21.9221
21.9671
21.6011
21.4722
21.4338
21.6364
21.0001
21.5168
21.4879
21.5952
21.243
21.4451
21.3109
21.3838
21.0755
21.5555
21.2084
21.4763
21.4931
21.47
21.5528
21.2514
21.5024
21.342
21.1501
21.1714
21.2524
21.2267
21.428
21.1704
21.2782
21.1783
20.9782
21.1845
21.4112
21.2525
21.3249
21.2199
21.008
21.205
21.3208
21.1853
21.1314
21.0175
21.1513
21.3517
21.046
20.9933
21.3309
21.0469
21.2109
20.9999
21.0957
21.1922
21.1294
20.9657
20.9388
21.2264
20.9702
21.1049
21.4192
21.2504
20.8863
21.0278
21.1364
20.8788
21.1559
21.1826
20.9687
20.9567
20.9954
21.0519
21.1327
21.0738
20.9557
21.1758
21.2327
20.8436
21.0739
20.9141
20.8915
20.7661
21.0731
20.9311
20.6428
20.7639
20.6099
20.804
20.988
20.9883
20.8177
20.7235
20.9791
20.9552
20.7696
20.8457
21.1621
21.1571
20.8056
20.9255
20.9264
21.001
20.8365
21.0211
20.8431
20.9244
20.8913
20.8839
20.7303
20.7831
20.9652
20.7954
20.9817
20.9125
20.9092
20.8669
20.9889
20.913
20.9528
20.8256
20.9718
21.1573
20.8459
21.0571
21.0594
20.8824
20.9132
20.8783
20.9632
20.9488
21.3186
20.8826
21.1573
20.8319
20.7699
21.0273
21.0107
21.1308
20.9357
21.0136
20.9255
21.0868
21.3197
21.2623
21.4133
21.4436
21.4016
21.7173
21.3359
21.3457
21.8739
21.2595
21.5536
21.2383
21.2946
21.4554
21.4202
21.6669
21.4341
21.5152
21.7018
21.4504
21.7805
21.5111
21.4675
21.1019
21.5454
21.4532
21.4957
21.6605
21.5476
21.3895
21.3458
21.7575
21.6539
21.7297
21.7701
21.7317
21.8079
21.7318
21.6712
21.8134
21.4617
21.385
21.5817
21.6088
21.5313
21.5976
21.9896
21.9428
21.6547
21.7542
21.8779
21.7688
22.0484
21.6773
21.6531
21.2519
21.4757
21.6685
21.6407
22.4146
21.9132
21.8259
21.9421
21.7669
21.8517
22.0791
22.052
21.7379
21.64
21.8887
21.7934
21.5117
21.4441
22.0814
21.7226
21.8379
21.9422
21.5944
21.9824
21.6857
21.7653
21.8631
22.0799
21.8607
21.8964
21.6294
21.595
22.4337
21.6881
21.7334
21.7762
21.8012
21.8917
22.5831
22.5977
22.5799
23.0154
23.0057
22.1162
22.7824
23.1696
22.732
22.9136
22.9482
23.2403
22.9005
22.8797
23.3219
23.1748
22.8488
23.3567
22.5254
23.151
23.1173
23.2226
23.0301
23.2648
22.9897
23.484
23.3997
23.3042
23.2008
23.6798
23.3022
23.6812
23.6625
23.856
23.5977
23.4278
23.5529
24.0065
24.1817
23.8954
23.5503
24.1211
24.1506
23.8239
24.3104
23.9801
24.1503
24.2912
24.0325
24.5537
24.0777
24.5132
24.2258
24.7535
24.9615
24.4915
25.1986
24.4034
24.6564
24.9026
24.9329
24.9617
25.1301
25.1752
25.1563
25.1595
24.9305
25.1908
25.2749
25.1769
25.3089
25.172
25.5327
25.2806
25.2234
25.6976
25.8693
25.6322
25.3027
25.5874
25.9597
25.8117
25.3454
25.7645
25.8475
26.3091
26.0119
25.9955
26.0456
26.379
26.1765
26.1571
25.8987
26.3876
26.2735
26.4044
26.5894
26.4882
26.5817
26.8291
26.6446
26.279
26.6864
26.8087
26.7031
26.7931
26.5414
26.5455
26.9243
26.8694
27.1269
27.1842
26.9076
26.9669
26.9599
26.8938
27.1319
26.9502
27.1304
27.0559
27.1586
27.0465
26.8861
27.214
27.2589
27.2655
27.1328
27.1886
27.112
27.0962
27.1931
27.3347
27.1814
27.2015
27.2213
27.1407
27.2492
27.1425
27.2866
27.2194
27.0633
27.6019
27.187
27.1897
27.1717
27.1981
27.3446
27.3207
27.2762
27.1512
27.1888
27.3674
27.2739
27.5207
27.4535
27.4936
27.0748
27.4293
27.3015