                                                                     
                                                                     
                                                                     
                                             
1	0	0
1	0.1	0
1	0.2	0
1	0.3	0
1	0.4	0
1	0.5	0
1	0.6	0
1	0.7	0
1	0.8	0
1	0.9	0
1	1	0
1	1.1	0
1	1.2	0
1	1.3	0
1	1.4	0
1	1.5	0
1	1.6	0
1	1.7	0
1	1.8	0
1	1.9	0
1	2	0
1	2.1	0
1	2.2	0
1	2.3	0
1	2.4	0
1	2.5	0
1	2.6	0
1	2.7	0
1	2.8	0
1	2.9	0
1	3	0
1	3.1	0
1	3.2	0
1	3.3	0
1	3.4	0
1	3.5	0
1	3.6	0
1	3.7	0
1	3.8	0
1	3.9	0
1	4	0
1	4.1	0
1	4.2	0
1	4.3	0
1	4.4	0
1	4.5	0
1	4.6	0
1	4.7	0
1	4.8	0
1	4.9	0
1	5	0
11	0	0.0206364
11	0.1	0.0206364
11	0.2	0.0206364
11	0.3	0.0187273
11	0.4	0.0187273
11	0.5	0.0211818
11	0.6	0.0211818
11	0.7	0.0211818
11	0.8	0.0194545
11	0.9	0.0194545
11	1	0.0194545
11	1.1	0.0159091
11	1.2	0.0159091
11	1.3	0.0203636
11	1.4	0.0203636
11	1.5	0.0203636
11	1.6	0.0216364
11	1.7	0.0216364
11	1.8	0.02
11	1.9	0.02
11	2	0.02
11	2.1	0.0178182
11	2.2	0.0178182
11	2.3	0.0189091
11	2.4	0.0189091
11	2.5	0.0189091
11	2.6	0.0182727
11	2.7	0.0182727
11	2.8	0.0182727
11	2.9	0.0192727
11	3	0.0192727
11	3.1	0.0205455
11	3.2	0.0205455
11	3.3	0.0205455
11	3.4	0.0185455
11	3.5	0.0185455
11	3.6	0.02
11	3.7	0.02
11	3.8	0.02
11	3.9	0.0207273
11	4	0.0207273
11	4.1	0.0207273
11	4.2	0.0203636
11	4.3	0.0203636
11	4.4	0.0193636
11	4.5	0.0193636
11	4.6	0.0193636
11	4.7	0.0201818
11	4.8	0.0201818
11	4.9	0.0188182
11	5	0.0188182
21	0	0.0398095
21	0.1	0.0397143
21	0.2	0.0397143
21	0.3	0.0381905
21	0.4	0.0381905
21	0.5	0.0381905
21	0.6	0.0394762
21	0.7	0.0394762
21	0.8	0.0394762
21	0.9	0.0410952
21	1	0.0410952
21	1.1	0.0374286
21	1.2	0.0374286
21	1.3	0.0374286
21	1.4	0.041381
21	1.5	0.041381
21	1.6	0.0411429
21	1.7	0.0411429
21	1.8	0.0411429
21	1.9	0.0397619
21	2	0.0397619
21	2.1	0.041619
21	2.2	0.041619
21	2.3	0.041619
21	2.4	0.0401905
21	2.5	0.0401905
21	2.6	0.0401905
21	2.7	0.0392381
21	2.8	0.0392381
21	2.9	0.0386667
21	3	0.0386667
21	3.1	0.0386667
21	3.2	0.0397619
21	3.3	0.0397619
21	3.4	0.0399524
21	3.5	0.0399524
21	3.6	0.0399524
21	3.7	0.0377143
21	3.8	0.0377143
21	3.9	0.0389524
21	4	0.0389524
21	4.1	0.0389524
21	4.2	0.0421905
21	4.3	0.0421905
21	4.4	0.0414762
21	4.5	0.0414762
21	4.6	0.0414762
21	4.7	0.0388571
21	4.8	0.0388571
21	4.9	0.0411429
21	5	0.0411429
31	0	0.0393548
31	0.1	0.0413871
31	0.2	0.0413871
31	0.3	0.0413871
31	0.4	0.0380323
31	0.5	0.0380323
31	0.6	0.0401935
31	0.7	0.0401935
31	0.8	0.0401935
31	0.9	0.0392258
31	1	0.0392258
31	1.1	0.0419355
31	1.2	0.0419355
31	1.3	0.0419355
31	1.4	0.0390968
31	1.5	0.0390968
31	1.6	0.0392903
31	1.7	0.0392903
31	1.8	0.0392903
31	1.9	0.0384516
31	2	0.0384516
31	2.1	0.0403871
31	2.2	0.0403871
31	2.3	0.0403871
31	2.4	0.0391613
31	2.5	0.0391613
31	2.6	0.0391613
31	2.7	0.0379355
31	2.8	0.0379355
31	2.9	0.0385484
31	3	0.0385484
31	3.1	0.0385484
31	3.2	0.039129
31	3.3	0.039129
31	3.4	0.0393871
31	3.5	0.0393871
31	3.6	0.0393871
31	3.7	0.0380323
31	3.8	0.0380323
31	3.9	0.0375484
31	4	0.0375484
31	4.1	0.0375484
31	4.2	0.0390645
31	4.3	0.0390645
31	4.4	0.0379677
31	4.5	0.0379677
31	4.6	0.0379677
31	4.7	0.0386452
31	4.8	0.0386452
31	4.9	0.0386452
31	5	0.0385484
41	0	0.0477073
41	0.1	0.0466341
41	0.2	0.0466341
41	0.3	0.0466341
41	0.4	0.0471951
41	0.5	0.0471951
41	0.6	0.0443902
41	0.7	0.0443902
41	0.8	0.0443902
41	0.9	0.0430976
41	1	0.0430976
41	1.1	0.0440732
41	1.2	0.0440732
41	1.3	0.0440732
41	1.4	0.0425366
41	1.5	0.0425366
41	1.6	0.0425366
41	1.7	0.0431463
41	1.8	0.0376341
41	1.9	0.038439
41	2	0.038439
41	2.1	0.038439
41	2.2	0.0387561
41	2.3	0.0387561
41	2.4	0.0386585
41	2.5	0.0386585
41	2.6	0.0386585
41	2.7	0.0373415
41	2.8	0.0346098
41	2.9	0.0353902
41	3	0.0353902
41	3.1	0.0353902
41	3.2	0.0358293
41	3.3	0.0358293
41	3.4	0.0358293
41	3.5	0.0337561
41	3.6	0.0337561
41	3.7	0.0349268
41	3.8	0.0349268
41	3.9	0.0320244
41	4	0.0323902
41	4.1	0.0323902
41	4.2	0.0332439
41	4.3	0.0332439
41	4.4	0.0332439
41	4.5	0.0306341
41	4.6	0.0306341
41	4.7	0.0331707
41	4.8	0.0331707
41	4.9	0.0331707
41	5	0.0330976
51	0	0.0428235
51	0.1	0.0428235
51	0.2	0.0412941
51	0.3	0.0412941
51	0.4	0.0413333
51	0.5	0.0413333
51	0.6	0.0413333
51	0.7	0.0420784
51	0.8	0.0420784
51	0.9	0.0428627
51	1	0.0428627
51	1.1	0.0428627
51	1.2	0.042098
51	1.3	0.042098
51	1.4	0.0412941
51	1.5	0.0410784
51	1.6	0.0410784
51	1.7	0.0401373
51	1.8	0.0401373
51	1.9	0.0401961
51	2	0.0401961
51	2.1	0.0401961
51	2.2	0.0396863
51	2.3	0.0396863
51	2.4	0.0396863
51	2.5	0.0398235
51	2.6	0.0398235
51	2.7	0.0388824
51	2.8	0.0388824
51	2.9	0.0388824
51	3	0.0384314
51	3.1	0.0352941
51	3.2	0.037451
51	3.3	0.037451
51	3.4	0.037451
51	3.5	0.0358627
51	3.6	0.0358627
51	3.7	0.0372745
51	3.8	0.0372745
51	3.9	0.0366471
51	4	0.036902
51	4.1	0.036902
51	4.2	0.0356275
51	4.3	0.0356275
51	4.4	0.0356275
51	4.5	0.0350588
51	4.6	0.0350588
51	4.7	0.0366471
51	4.8	0.0366471
51	4.9	0.0365098
51	5	0.0365098
61	0	0.0387869
61	0.1	0.0387869
61	0.2	0.0391475
61	0.3	0.0391475
61	0.4	0.0399508
61	0.5	0.0399508
61	0.6	0.0399508
61	0.7	0.0406557
61	0.8	0.0405082
61	0.9	0.0398361
61	1	0.0398361
61	1.1	0.0398361
61	1.2	0.0392623
61	1.3	0.0392623
61	1.4	0.0413279
61	1.5	0.0413279
61	1.6	0.0413279
61	1.7	0.0390984
61	1.8	0.0390984
61	1.9	0.0375738
61	2	0.0388689
61	2.1	0.0398525
61	2.2	0.0397541
61	2.3	0.0397541
61	2.4	0.0397541
61	2.5	0.0382459
61	2.6	0.0382459
61	2.7	0.0397705
61	2.8	0.0397705
61	2.9	0.0397705
61	3	0.035623
61	3.1	0.035623
61	3.2	0.0381148
61	3.3	0.0381148
61	3.4	0.0381148
61	3.5	0.0378197
61	3.6	0.038
61	3.7	0.0394918
61	3.8	0.0394918
61	3.9	0.0394918
61	4	0.0371148
61	4.1	0.0364098
61	4.2	0.0364098
61	4.3	0.0378033
61	4.4	0.0378033
61	4.5	0.036918
61	4.6	0.036918
61	4.7	0.036918
61	4.8	0.0365246
61	4.9	0.0365246
61	5	0.0356557
71	0	0.0417465
71	0.1	0.0408169
71	0.2	0.0395634
71	0.3	0.0387183
71	0.4	0.040169
71	0.5	0.040169
71	0.6	0.040169
71	0.7	0.0385211
71	0.8	0.0385493
71	0.9	0.0385493
71	1	0.0385493
71	1.1	0.0385493
71	1.2	0.0393803
71	1.3	0.0393803
71	1.4	0.0393803
71	1.5	0.0366761
71	1.6	0.0366761
71	1.7	0.0390141
71	1.8	0.0390141
71	1.9	0.0384648
71	2	0.0384366
71	2.1	0.0384366
71	2.2	0.0384507
71	2.3	0.0384507
71	2.4	0.0369296
71	2.5	0.0356761
71	2.6	0.033831
71	2.7	0.033831
71	2.8	0.0365211
71	2.9	0.0365211
71	3	0.0339577
71	3.1	0.0340563
71	3.2	0.0340563
71	3.3	0.0343521
71	3.4	0.0343521
71	3.5	0.0338873
71	3.6	0.0338873
71	3.7	0.0338873
71	3.8	0.0347183
71	3.9	0.0347183
71	4	0.0354225
71	4.1	0.0354225
71	4.2	0.0351549
71	4.3	0.0345493
71	4.4	0.0345493
71	4.5	0.0339014
71	4.6	0.0339014
71	4.7	0.0339014
71	4.8	0.0323099
71	4.9	0.0323099
71	5	0.0323099
81	0	0.0404074
81	0.1	0.040358
81	0.2	0.0381728
81	0.3	0.0381728
81	0.4	0.0381728
81	0.5	0.0398642
81	0.6	0.0400123
81	0.7	0.0399877
81	0.8	0.0399877
81	0.9	0.0391358
81	1	0.0391358
81	1.1	0.0383333
81	1.2	0.0383333
81	1.3	0.0379506
81	1.4	0.0379259
81	1.5	0.0392222
81	1.6	0.0392222
81	1.7	0.0379012
81	1.8	0.0379012
81	1.9	0.0379012
81	2	0.0393457
81	2.1	0.0393457
81	2.2	0.0390123
81	2.3	0.0390123
81	2.4	0.038642
81	2.5	0.0371111
81	2.6	0.0371111
81	2.7	0.0371111
81	2.8	0.0354444
81	2.9	0.0340864
81	3	0.0367901
81	3.1	0.0367901
81	3.2	0.0367901
81	3.3	0.0352593
81	3.4	0.0352593
81	3.5	0.0350988
81	3.6	0.0350988
81	3.7	0.034321
81	3.8	0.0356049
81	3.9	0.0344815
81	4	0.0338148
81	4.1	0.0338148
81	4.2	0.0338148
81	4.3	0.0355679
81	4.4	0.0355679
81	4.5	0.0355679
81	4.6	0.0325062
81	4.7	0.0325926
81	4.8	0.0361481
81	4.9	0.038679
81	5	0.043716
91	0	0.0400989
91	0.1	0.0395385
91	0.2	0.0407363
91	0.3	0.0407363
91	0.4	0.0397802
91	0.5	0.0396374
91	0.6	0.0387363
91	0.7	0.0382857
91	0.8	0.0382857
91	0.9	0.0382857
91	1	0.0389341
91	1.1	0.0389341
91	1.2	0.038
91	1.3	0.038
91	1.4	0.037956
91	1.5	0.0366044
91	1.6	0.0375495
91	1.7	0.0375495
91	1.8	0.0364176
91	1.9	0.0364176
91	2	0.0378901
91	2.1	0.0379231
91	2.2	0.0382857
91	2.3	0.0372967
91	2.4	0.0373407
91	2.5	0.0384945
91	2.6	0.0384945
91	2.7	0.0384945
91	2.8	0.0358132
91	2.9	0.0358132
91	3	0.0353736
91	3.1	0.0353736
91	3.2	0.0353736
91	3.3	0.0355934
91	3.4	0.0355934
91	3.5	0.0355604
91	3.6	0.0355604
91	3.7	0.0343956
91	3.8	0.0338352
91	3.9	0.0328571
91	4	0.0337692
91	4.1	0.0335604
91	4.2	0.034022
91	4.3	0.0383407
91	4.4	0.041978
91	4.5	0.0438901
91	4.6	0.0448571
91	4.7	0.0452308
91	4.8	0.0528791
91	4.9	0.0564945
91	5	0.0637473
101	0	0.0386931
101	0.1	0.0385941
101	0.2	0.0410891
101	0.3	0.0410891
101	0.4	0.0410792
101	0.5	0.0391089
101	0.6	0.039099
101	0.7	0.0390099
101	0.8	0.0380396
101	0.9	0.0380396
101	1	0.0390594
101	1.1	0.0390594
101	1.2	0.0387624
101	1.3	0.0387624
101	1.4	0.0387624
101	1.5	0.0386535
101	1.6	0.0386535
101	1.7	0.0376931
101	1.8	0.0376931
101	1.9	0.0376931
101	2	0.037495
101	2.1	0.0368317
101	2.2	0.0361584
101	2.3	0.0360396
101	2.4	0.0354554
101	2.5	0.035505
101	2.6	0.0352871
101	2.7	0.0352871
101	2.8	0.0350099
101	2.9	0.034604
101	3	0.0357723
101	3.1	0.0357723
101	3.2	0.0357723
101	3.3	0.0343465
101	3.4	0.0343267
101	3.5	0.0345842
101	3.6	0.0344851
101	3.7	0.0349109
101	3.8	0.0357822
101	3.9	0.0400099
101	4	0.0422772
101	4.1	0.0416535
101	4.2	0.0423465
101	4.3	0.0498218
101	4.4	0.0583366
101	4.5	0.0638812
101	4.6	0.0706634
101	4.7	0.0737921
101	4.8	0.0713762
101	4.9	0.0722079
101	5	0.0750693
111	0	0.0412162
111	0.1	0.0405495
111	0.2	0.0406486
111	0.3	0.0405856
111	0.4	0.038991
111	0.5	0.0385495
111	0.6	0.0378018
111	0.7	0.0380721
111	0.8	0.038036
111	0.9	0.0381982
111	1	0.0374054
111	1.1	0.0374054
111	1.2	0.0361081
111	1.3	0.0360811
111	1.4	0.0380991
111	1.5	0.0380991
111	1.6	0.0376486
111	1.7	0.0376486
111	1.8	0.0382523
111	1.9	0.0382523
111	2	0.0372252
111	2.1	0.0372252
111	2.2	0.0372523
111	2.3	0.0372523
111	2.4	0.0352883
111	2.5	0.0352883
111	2.6	0.0346486
111	2.7	0.0375946
111	2.8	0.0375766
111	2.9	0.0356486
111	3	0.0348288
111	3.1	0.0342252
111	3.2	0.0332072
111	3.3	0.0322793
111	3.4	0.035
111	3.5	0.0414955
111	3.6	0.0354144
111	3.7	0.0417477
111	3.8	0.0489099
111	3.9	0.0541171
111	4	0.0563243
111	4.1	0.0611892
111	4.2	0.0634955
111	4.3	0.0654775
111	4.4	0.0671712
111	4.5	0.0683423
111	4.6	0.0672973
111	4.7	0.0676937
111	4.8	0.0696396
111	4.9	0.0697297
111	5	0.0699099
121	0	0.0407851
121	0.1	0.0403636
121	0.2	0.0403471
121	0.3	0.0396694
121	0.4	0.039876
121	0.5	0.0385372
121	0.6	0.0385372
121	0.7	0.0386281
121	0.8	0.0386281
121	0.9	0.0402893
121	1	0.0402314
121	1.1	0.0386281
121	1.2	0.0378926
121	1.3	0.0369008
121	1.4	0.0369008
121	1.5	0.0368678
121	1.6	0.0368678
121	1.7	0.0379669
121	1.8	0.0379669
121	1.9	0.0379669
121	2	0.0362314
121	2.1	0.0362314
121	2.2	0.0356529
121	2.3	0.0356529
121	2.4	0.0353471
121	2.5	0.0357438
121	2.6	0.0355207
121	2.7	0.0355041
121	2.8	0.0366777
121	2.9	0.0352149
121	3	0.0343306
121	3.1	0.036405
121	3.2	0.035595
121	3.3	0.0409835
121	3.4	0.0489917
121	3.5	0.0525455
121	3.6	0.0579256
121	3.7	0.0598926
121	3.8	0.0607107
121	3.9	0.0618512
121	4	0.0637851
121	4.1	0.0646033
121	4.2	0.0649587
121	4.3	0.0622893
121	4.4	0.0623388
121	4.5	0.0639339
121	4.6	0.0640826
121	4.7	0.0641322
121	4.8	0.0630413
121	4.9	0.0630579
121	5	0.0626612
131	0	0.0398702
131	0.1	0.0394885
131	0.2	0.0390687
131	0.3	0.0390611
131	0.4	0.0398626
131	0.5	0.0398626
131	0.6	0.0408092
131	0.7	0.0408092
131	0.8	0.0394427
131	0.9	0.0392366
131	1	0.0390534
131	1.1	0.0387252
131	1.2	0.0390687
131	1.3	0.0389084
131	1.4	0.0376183
131	1.5	0.0376183
131	1.6	0.0376183
131	1.7	0.0375496
131	1.8	0.0375038
131	1.9	0.037374
131	2	0.0368702
131	2.1	0.0368702
131	2.2	0.037229
131	2.3	0.037229
131	2.4	0.0347099
131	2.5	0.034542
131	2.6	0.0345344
131	2.7	0.033374
131	2.8	0.0356412
131	2.9	0.0324885
131	3	0.0383282
131	3.1	0.0445344
131	3.2	0.0530992
131	3.3	0.0560763
131	3.4	0.0548473
131	3.5	0.0556489
131	3.6	0.0563817
131	3.7	0.0602672
131	3.8	0.0604275
131	3.9	0.0592901
131	4	0.0593817
131	4.1	0.0594733
131	4.2	0.0560153
131	4.3	0.0560153
131	4.4	0.057916
131	4.5	0.0579466
131	4.6	0.0579542
131	4.7	0.0610229
131	4.8	0.0610229
131	4.9	0.0589771
131	5	0.0583206
141	0	0.0416667
141	0.1	0.0392908
141	0.2	0.0392908
141	0.3	0.0386454
141	0.4	0.0386454
141	0.5	0.0408865
141	0.6	0.0403121
141	0.7	0.0387376
141	0.8	0.038156
141	0.9	0.0379149
141	1	0.0367092
141	1.1	0.0367092
141	1.2	0.0380142
141	1.3	0.0380142
141	1.4	0.0380071
141	1.5	0.036461
141	1.6	0.036461
141	1.7	0.0353972
141	1.8	0.0377376
141	1.9	0.0374965
141	2	0.0374752
141	2.1	0.035617
141	2.2	0.0350355
141	2.3	0.0367518
141	2.4	0.0357589
141	2.5	0.0323262
141	2.6	0.0326028
141	2.7	0.0389504
141	2.8	0.0448936
141	2.9	0.0504326
141	3	0.0518298
141	3.1	0.0534468
141	3.2	0.053844
141	3.3	0.0542908
141	3.4	0.0546099
141	3.5	0.0553759
141	3.6	0.0553972
141	3.7	0.057234
141	3.8	0.0572482
141	3.9	0.0572482
141	4	0.0545106
141	4.1	0.0545106
141	4.2	0.0553688
141	4.3	0.0548511
141	4.4	0.0548511
141	4.5	0.0539433
141	4.6	0.0539433
141	4.7	0.0572695
141	4.8	0.0572695
141	4.9	0.0536738
141	5	0.0536738
151	0	0.0390331
151	0.1	0.0390331
151	0.2	0.0390331
151	0.3	0.0401391
151	0.4	0.0401391
151	0.5	0.0398212
151	0.6	0.0383444
151	0.7	0.0383444
151	0.8	0.0382185
151	0.9	0.0378874
151	1	0.0378675
151	1.1	0.0388477
151	1.2	0.0375695
151	1.3	0.0376887
151	1.4	0.0388808
151	1.5	0.0388808
151	1.6	0.0382252
151	1.7	0.0376689
151	1.8	0.0388477
151	1.9	0.0384172
151	2	0.0375033
151	2.1	0.0369669
151	2.2	0.0350132
151	2.3	0.0331391
151	2.4	0.0297682
151	2.5	0.0374437
151	2.6	0.0434702
151	2.7	0.0471921
151	2.8	0.0510331
151	2.9	0.0520728
151	3	0.052596
151	3.1	0.0527152
151	3.2	0.052755
151	3.3	0.0538212
151	3.4	0.0538344
151	3.5	0.0524768
151	3.6	0.0523046
151	3.7	0.0522384
151	3.8	0.0522318
151	3.9	0.0507947
151	4	0.0507947
151	4.1	0.0528344
151	4.2	0.0528344
151	4.3	0.0524371
151	4.4	0.0524371
151	4.5	0.052947
151	4.6	0.052947
151	4.7	0.052947
151	4.8	0.0533576
151	4.9	0.0533576
151	5	0.0515298
161	0	0.0399938
161	0.1	0.0399938
161	0.2	0.0380311
161	0.3	0.0378882
161	0.4	0.0395093
161	0.5	0.0393416
161	0.6	0.038087
161	0.7	0.038087
161	0.8	0.0369752
161	0.9	0.0369503
161	1	0.0384658
161	1.1	0.0379938
161	1.2	0.038
161	1.3	0.0376087
161	1.4	0.0377702
161	1.5	0.0377702
161	1.6	0.0372857
161	1.7	0.0368137
161	1.8	0.0364224
161	1.9	0.0360373
161	2	0.0336149
161	2.1	0.0337267
161	2.2	0.0316025
161	2.3	0.0374969
161	2.4	0.0425466
161	2.5	0.045677
161	2.6	0.0472422
161	2.7	0.047795
161	2.8	0.0468634
161	2.9	0.0469006
161	3	0.0483043
161	3.1	0.0483043
161	3.2	0.0469814
161	3.3	0.0483665
161	3.4	0.0481615
161	3.5	0.0455714
161	3.6	0.0462236
161	3.7	0.0466211
161	3.8	0.0507267
161	3.9	0.0507267
161	4	0.0516894
161	4.1	0.0516894
161	4.2	0.0516894
161	4.3	0.0499503
161	4.4	0.0499503
161	4.5	0.0493292
161	4.6	0.0493292
161	4.7	0.0493292
161	4.8	0.0485093
161	4.9	0.0485093
161	5	0.0489689
171	0	0.038883
171	0.1	0.0395263
171	0.2	0.0395556
171	0.3	0.0396491
171	0.4	0.0396491
171	0.5	0.0421404
171	0.6	0.0417251
171	0.7	0.0403158
171	0.8	0.0403158
171	0.9	0.0412164
171	1	0.0412047
171	1.1	0.0411813
171	1.2	0.0381053
171	1.3	0.0380994
171	1.4	0.0392105
171	1.5	0.0393918
171	1.6	0.0395439
171	1.7	0.0383333
171	1.8	0.0369766
171	1.9	0.0327251
171	2	0.0301696
171	2.1	0.0357251
171	2.2	0.0401637
171	2.3	0.0428187
171	2.4	0.0442865
171	2.5	0.0438187
171	2.6	0.0439825
171	2.7	0.044614
171	2.8	0.0446725
171	2.9	0.0443918
171	3	0.0443918
171	3.1	0.0443918
171	3.2	0.0458012
171	3.3	0.045883
171	3.4	0.0461988
171	3.5	0.0461988
171	3.6	0.0466199
171	3.7	0.0469825
171	3.8	0.0472456
171	3.9	0.0456257
171	4	0.0456257
171	4.1	0.0468947
171	4.2	0.0468947
171	4.3	0.0433743
171	4.4	0.0433743
171	4.5	0.0472222
171	4.6	0.0472456
171	4.7	0.0457368
171	4.8	0.0457368
171	4.9	0.0482807
171	5	0.0469825
181	0	0.0407348
181	0.1	0.0407348
181	0.2	0.0401326
181	0.3	0.0398177
181	0.4	0.0398177
181	0.5	0.0390884
181	0.6	0.0389116
181	0.7	0.0377845
181	0.8	0.0377845
181	0.9	0.0376575
181	1	0.0386298
181	1.1	0.0386298
181	1.2	0.040221
181	1.3	0.0401105
181	1.4	0.0390276
181	1.5	0.0389171
181	1.6	0.0380276
181	1.7	0.0343315
181	1.8	0.0311934
181	1.9	0.0333149
181	2	0.0385967
181	2.1	0.0428508
181	2.2	0.0437072
181	2.3	0.0441768
181	2.4	0.0418619
181	2.5	0.0421657
181	2.6	0.0396354
181	2.7	0.0396354
181	2.8	0.0396464
181	2.9	0.0430552
181	3	0.0430552
181	3.1	0.0445359
181	3.2	0.0444586
181	3.3	0.0444696
181	3.4	0.0429613
181	3.5	0.0429613
181	3.6	0.0430939
181	3.7	0.0431602
181	3.8	0.0431768
181	3.9	0.0431823
181	4	0.0431823
181	4.1	0.0441492
181	4.2	0.0441492
181	4.3	0.0441492
181	4.4	0.0446354
181	4.5	0.0446354
181	4.6	0.0445635
181	4.7	0.0445635
181	4.8	0.0445635
181	4.9	0.0448453
181	5	0.0448453
191	0	0.0417644
191	0.1	0.0418586
191	0.2	0.041911
191	0.3	0.0416859
191	0.4	0.0406178
191	0.5	0.040801
191	0.6	0.0400471
191	0.7	0.0400471
191	0.8	0.039466
191	0.9	0.0394607
191	1	0.0386178
191	1.1	0.0411518
191	1.2	0.0408429
191	1.3	0.039
191	1.4	0.0383717
191	1.5	0.0360681
191	1.6	0.0319738
191	1.7	0.0298325
191	1.8	0.0342827
191	1.9	0.0379791
191	2	0.0391518
191	2.1	0.0400209
191	2.2	0.0400681
191	2.3	0.0412042
191	2.4	0.0416754
191	2.5	0.0417225
191	2.6	0.0384031
191	2.7	0.0384031
191	2.8	0.040445
191	2.9	0.0404712
191	3	0.0419476
191	3.1	0.0419476
191	3.2	0.0413089
191	3.3	0.0413089
191	3.4	0.0413246
191	3.5	0.0392565
191	3.6	0.0392565
191	3.7	0.0395864
191	3.8	0.0395864
191	3.9	0.0395864
191	4	0.0390105
191	4.1	0.0390105
191	4.2	0.0413246
191	4.3	0.0413246
191	4.4	0.0404555
191	4.5	0.0404555
191	4.6	0.0417853
191	4.7	0.0417853
191	4.8	0.0412147
191	4.9	0.0412147
191	5	0.0402723
201	0	0.0407861
201	0.1	0.0421095
201	0.2	0.0417015
201	0.3	0.0404328
201	0.4	0.0405572
201	0.5	0.0402786
201	0.6	0.0400249
201	0.7	0.0400249
201	0.8	0.0405075
201	0.9	0.0406418
201	1	0.040408
201	1.1	0.0387711
201	1.2	0.0386368
201	1.3	0.0400697
201	1.4	0.0367662
201	1.5	0.0298856
201	1.6	0.0304428
201	1.7	0.0356318
201	1.8	0.0375821
201	1.9	0.0385323
201	2	0.0386965
201	2.1	0.0387214
201	2.2	0.037194
201	2.3	0.0371791
201	2.4	0.0382637
201	2.5	0.0382687
201	2.6	0.0381791
201	2.7	0.0381791
201	2.8	0.0381791
201	2.9	0.0391493
201	3	0.0391493
201	3.1	0.0387264
201	3.2	0.038801
201	3.3	0.038801
201	3.4	0.0401791
201	3.5	0.0401791
201	3.6	0.0407015
201	3.7	0.0407015
201	3.8	0.0401045
201	3.9	0.0401045
201	4	0.0403284
201	4.1	0.0403284
201	4.2	0.0394229
201	4.3	0.0394229
201	4.4	0.0390299
201	4.5	0.0390299
201	4.6	0.0403483
201	4.7	0.0403483
201	4.8	0.0403483
201	4.9	0.0388209
201	5	0.0388209
211	0	0.0417393
211	0.1	0.0416682
211	0.2	0.0415308
211	0.3	0.0411991
211	0.4	0.0407678
211	0.5	0.0392938
211	0.6	0.0391801
211	0.7	0.0391422
211	0.8	0.0400142
211	0.9	0.0399242
211	1	0.0398341
211	1.1	0.0395545
211	1.2	0.0373175
211	1.3	0.0344218
211	1.4	0.0285498
211	1.5	0.0316777
211	1.6	0.0355403
211	1.7	0.037218
211	1.8	0.0361374
211	1.9	0.0361943
211	2	0.0364028
211	2.1	0.0364028
211	2.2	0.0365118
211	2.3	0.0363839
211	2.4	0.0362133
211	2.5	0.0376209
211	2.6	0.0376209
211	2.7	0.0376209
211	2.8	0.0386872
211	2.9	0.0386872
211	3	0.0358104
211	3.1	0.0358104
211	3.2	0.036673
211	3.3	0.0366777
211	3.4	0.0376872
211	3.5	0.0376872
211	3.6	0.0393365
211	3.7	0.0393365
211	3.8	0.0381611
211	3.9	0.0381611
211	4	0.0397773
211	4.1	0.0397773
211	4.2	0.0375592
211	4.3	0.0375592
211	4.4	0.0374076
211	4.5	0.0371611
211	4.6	0.0371611
211	4.7	0.0371611
211	4.8	0.0377867
211	4.9	0.0377867
211	5	0.0379384
221	0	0.0419819
221	0.1	0.0419683
221	0.2	0.0404163
221	0.3	0.0404118
221	0.4	0.0396244
221	0.5	0.0395973
221	0.6	0.0425792
221	0.7	0.0426606
221	0.8	0.041009
221	0.9	0.0392534
221	1	0.0390271
221	1.1	0.0393213
221	1.2	0.0348869
221	1.3	0.027819
221	1.4	0.0326878
221	1.5	0.0359321
221	1.6	0.0369276
221	1.7	0.0377557
221	1.8	0.0377692
221	1.9	0.0356199
221	2	0.0354751
221	2.1	0.0365204
221	2.2	0.0368326
221	2.3	0.0368326
221	2.4	0.0363665
221	2.5	0.0363665
221	2.6	0.036629
221	2.7	0.036629
221	2.8	0.0367059
221	2.9	0.0367059
221	3	0.035733
221	3.1	0.035733
221	3.2	0.0362579
221	3.3	0.0363439
221	3.4	0.0355701
221	3.5	0.0355701
221	3.6	0.0369548
221	3.7	0.0369548
221	3.8	0.0369548
221	3.9	0.0369005
221	4	0.0369005
221	4.1	0.037448
221	4.2	0.037448
221	4.3	0.037448
221	4.4	0.0373575
221	4.5	0.0373575
221	4.6	0.0348869
221	4.7	0.0348869
221	4.8	0.0375023
221	4.9	0.0375023
221	5	0.0365611
231	0	0.0425108
231	0.1	0.0416061
231	0.2	0.0409394
231	0.3	0.0408312
231	0.4	0.0404069
231	0.5	0.0403723
231	0.6	0.0414113
231	0.7	0.0411645
231	0.8	0.0411688
231	0.9	0.0426234
231	1	0.0417446
231	1.1	0.0355974
231	1.2	0.0291515
231	1.3	0.0322857
231	1.4	0.0328615
231	1.5	0.0333203
231	1.6	0.0334069
231	1.7	0.0339221
231	1.8	0.0339221
231	1.9	0.0355411
231	2	0.0339437
231	2.1	0.0339437
231	2.2	0.0337013
231	2.3	0.0337013
231	2.4	0.0345281
231	2.5	0.0345281
231	2.6	0.0349351
231	2.7	0.0349351
231	2.8	0.0334026
231	2.9	0.0334026
231	3	0.0334026
231	3.1	0.0339654
231	3.2	0.0339697
231	3.3	0.0335801
231	3.4	0.0335801
231	3.5	0.0335801
231	3.6	0.0361645
231	3.7	0.0361645
231	3.8	0.0346017
231	3.9	0.0346017
231	4	0.0362554
231	4.1	0.0362554
231	4.2	0.0343593
231	4.3	0.0343593
231	4.4	0.0358442
231	4.5	0.0358442
231	4.6	0.0350346
231	4.7	0.0350346
231	4.8	0.0358831
231	4.9	0.0358831
231	5	0.0358831
241	0	0.0431909
241	0.1	0.0431909
241	0.2	0.0419751
241	0.3	0.0417137
241	0.4	0.0418714
241	0.5	0.0414398
241	0.6	0.0412656
241	0.7	0.0401079
241	0.8	0.0398672
241	0.9	0.039473
241	1	0.036527
241	1.1	0.0283817
241	1.2	0.0312282
241	1.3	0.0317593
241	1.4	0.0312033
241	1.5	0.0312407
241	1.6	0.0328465
241	1.7	0.0331618
241	1.8	0.0339959
241	1.9	0.0339959
241	2	0.0338963
241	2.1	0.0338963
241	2.2	0.0341867
241	2.3	0.0341867
241	2.4	0.0341867
241	2.5	0.0330913
241	2.6	0.0330913
241	2.7	0.0342988
241	2.8	0.0343734
241	2.9	0.0343734
241	3	0.0338382
241	3.1	0.0338382
241	3.2	0.0333444
241	3.3	0.0331328
241	3.4	0.033556
241	3.5	0.033556
241	3.6	0.0331203
241	3.7	0.0331203
241	3.8	0.0332158
241	3.9	0.0332158
241	4	0.0346763
241	4.1	0.0346763
241	4.2	0.0351784
241	4.3	0.0351784
241	4.4	0.0342324
241	4.5	0.0342324
241	4.6	0.0342324
241	4.7	0.0334274
241	4.8	0.0334274
241	4.9	0.0346224
241	5	0.0346224
251	0	0.0419482
251	0.1	0.0428884
251	0.2	0.0428645
251	0.3	0.0416295
251	0.4	0.0412948
251	0.5	0.0419482
251	0.6	0.0419323
251	0.7	0.0428765
251	0.8	0.0423825
251	0.9	0.039741
251	1	0.0309243
251	1.1	0.0321355
251	1.2	0.0329761
251	1.3	0.0321952
251	1.4	0.03251
251	1.5	0.033757
251	1.6	0.033757
251	1.7	0.033259
251	1.8	0.033259
251	1.9	0.033259
251	2	0.0330159
251	2.1	0.0329203
251	2.2	0.0333904
251	2.3	0.0333904
251	2.4	0.0333904
251	2.5	0.032757
251	2.6	0.032757
251	2.7	0.0325219
251	2.8	0.032761
251	2.9	0.0313028
251	3	0.0324781
251	3.1	0.0324781
251	3.2	0.0316932
251	3.3	0.0316813
251	3.4	0.0318924
251	3.5	0.0318924
251	3.6	0.0331434
251	3.7	0.0331434
251	3.8	0.0331434
251	3.9	0.0323307
251	4	0.0323307
251	4.1	0.0329243
251	4.2	0.0329243
251	4.3	0.0329203
251	4.4	0.033004
251	4.5	0.033004
251	4.6	0.0320398
251	4.7	0.0320398
251	4.8	0.0322231
251	4.9	0.0322231
251	5	0.0334382
261	0	0.0413908
261	0.1	0.0431226
261	0.2	0.0431188
261	0.3	0.0424751
261	0.4	0.0420498
261	0.5	0.0395211
261	0.6	0.0392414
261	0.7	0.0391916
261	0.8	0.0413218
261	0.9	0.0349004
261	1	0.0328506
261	1.1	0.0322835
261	1.2	0.0324023
261	1.3	0.0314176
261	1.4	0.0315402
261	1.5	0.0313908
261	1.6	0.0313908
261	1.7	0.031387
261	1.8	0.0311916
261	1.9	0.0311916
261	2	0.0319847
261	2.1	0.032249
261	2.2	0.0313563
261	2.3	0.0313563
261	2.4	0.0327471
261	2.5	0.0327471
261	2.6	0.0326628
261	2.7	0.0326628
261	2.8	0.0318084
261	2.9	0.0318084
261	3	0.034046
261	3.1	0.034046
261	3.2	0.034046
261	3.3	0.0328429
261	3.4	0.0328429
261	3.5	0.0320038
261	3.6	0.0320115
261	3.7	0.0320115
261	3.8	0.0326475
261	3.9	0.0326475
261	4	0.0329808
261	4.1	0.0329808
261	4.2	0.0324444
261	4.3	0.0323065
261	4.4	0.0328582
261	4.5	0.0328582
261	4.6	0.0335364
261	4.7	0.0335364
261	4.8	0.0326858
261	4.9	0.0315287
261	5	0.0315287
271	0	0.0429299
271	0.1	0.0437897
271	0.2	0.0437712
271	0.3	0.0410111
271	0.4	0.0406384
271	0.5	0.0402583
271	0.6	0.041
271	0.7	0.0404834
271	0.8	0.0354908
271	0.9	0.0288598
271	1	0.0308081
271	1.1	0.0310037
271	1.2	0.0312915
271	1.3	0.0304133
271	1.4	0.0304539
271	1.5	0.0309742
271	1.6	0.0306384
271	1.7	0.0306347
271	1.8	0.0309373
271	1.9	0.0309373
271	2	0.0320037
271	2.1	0.0321144
271	2.2	0.0315461
271	2.3	0.0315461
271	2.4	0.0315461
271	2.5	0.0324354
271	2.6	0.0324354
271	2.7	0.0321144
271	2.8	0.0321033
271	2.9	0.0321033
271	3	0.0310185
271	3.1	0.0310185
271	3.2	0.0319114
271	3.3	0.0319114
271	3.4	0.0321771
271	3.5	0.0321771
271	3.6	0.0320923
271	3.7	0.0320923
271	3.8	0.0320627
271	3.9	0.0311255
271	4	0.0311255
271	4.1	0.0321882
271	4.2	0.0321882
271	4.3	0.0323875
271	4.4	0.0323948
271	4.5	0.0323948
271	4.6	0.0324502
271	4.7	0.0324502
271	4.8	0.0324502
271	4.9	0.0334207
271	5	0.0334059
281	0	0.0447758
281	0.1	0.0446263
281	0.2	0.044548
281	0.3	0.0429431
281	0.4	0.0427829
281	0.5	0.0415872
281	0.6	0.0412171
281	0.7	0.0397153
281	0.8	0.0305267
281	0.9	0.0294235
281	1	0.0286548
281	1.1	0.0303843
281	1.2	0.0304342
281	1.3	0.0312669
281	1.4	0.0312669
281	1.5	0.0307082
281	1.6	0.0307082
281	1.7	0.0306726
281	1.8	0.0298932
281	1.9	0.0298932
281	2	0.029669
281	2.1	0.0296868
281	2.2	0.0295694
281	2.3	0.0301779
281	2.4	0.0301566
281	2.5	0.0302349
281	2.6	0.0302349
281	2.7	0.0304591
281	2.8	0.0304626
281	2.9	0.0307189
281	3	0.0307189
281	3.1	0.0293416
281	3.2	0.0293416
281	3.3	0.030516
281	3.4	0.0302064
281	3.5	0.0302064
281	3.6	0.0304342
281	3.7	0.0299929
281	3.8	0.0299929
281	3.9	0.0304413
281	4	0.0304413
281	4.1	0.0304413
281	4.2	0.0315979
281	4.3	0.031694
281	4.4	0.0294235
281	4.5	0.0294235
281	4.6	0.029484
281	4.7	0.030242
281	4.8	0.030242
281	4.9	0.030548
281	5	0.0304235
291	0	0.0426598
291	0.1	0.0406357
291	0.2	0.040457
291	0.3	0.0434674
291	0.4	0.0436014
291	0.5	0.0420412
291	0.6	0.0411821
291	0.7	0.0338454
291	0.8	0.0297663
291	0.9	0.0285808
291	1	0.0284261
291	1.1	0.0285636
291	1.2	0.0289931
291	1.3	0.029
291	1.4	0.029
291	1.5	0.0296529
291	1.6	0.0296529
291	1.7	0.0297938
291	1.8	0.0298969
291	1.9	0.0312234
291	2	0.0312096
291	2.1	0.0296632
291	2.2	0.0296632
291	2.3	0.0308488
291	2.4	0.0306838
291	2.5	0.0297182
291	2.6	0.0303471
291	2.7	0.0303471
291	2.8	0.0303918
291	2.9	0.0301856
291	3	0.0301856
291	3.1	0.0308454
291	3.2	0.0308454
291	3.3	0.0297285
291	3.4	0.0297285
291	3.5	0.0297285
291	3.6	0.030354
291	3.7	0.030354
291	3.8	0.030354
291	3.9	0.0302302
291	4	0.0295017
291	4.1	0.0295017
291	4.2	0.0302852
291	4.3	0.0302955
291	4.4	0.0312577
291	4.5	0.0312577
291	4.6	0.0300481
291	4.7	0.0300481
291	4.8	0.0308041
291	4.9	0.0308041
291	5	0.0313436
301	0	0.0429203
301	0.1	0.0444186
301	0.2	0.0442625
301	0.3	0.0442492
301	0.4	0.0426113
301	0.5	0.0421595
301	0.6	0.0374153
301	0.7	0.0298837
301	0.8	0.0295183
301	0.9	0.0288804
301	1	0.0291063
301	1.1	0.02899
301	1.2	0.0291163
301	1.3	0.0303854
301	1.4	0.0303854
301	1.5	0.0311196
301	1.6	0.0295781
301	1.7	0.0295814
301	1.8	0.029196
301	1.9	0.029196
301	2	0.0305781
301	2.1	0.0305781
301	2.2	0.0305748
301	2.3	0.0287143
301	2.4	0.0289103
301	2.5	0.0289103
301	2.6	0.029804
301	2.7	0.029804
301	2.8	0.0303787
301	2.9	0.0303787
301	3	0.0303787
301	3.1	0.0300498
301	3.2	0.0300498
301	3.3	0.0290963
301	3.4	0.0290963
301	3.5	0.0292558
301	3.6	0.0292558
301	3.7	0.0292558
301	3.8	0.0292392
301	3.9	0.0292392
301	4	0.030412
301	4.1	0.030412
301	4.2	0.030412
301	4.3	0.0313522
301	4.4	0.0313522
301	4.5	0.0293289
301	4.6	0.0292193
301	4.7	0.0292193
301	4.8	0.0291894
301	4.9	0.0291894
301	5	0.030495
311	0	0.0459132
311	0.1	0.0453794
311	0.2	0.0436399
311	0.3	0.0436559
311	0.4	0.045119
311	0.5	0.0431479
311	0.6	0.0333055
311	0.7	0.0311029
311	0.8	0.0291158
311	0.9	0.0280032
311	1	0.0278392
311	1.1	0.0298135
311	1.2	0.0298296
311	1.3	0.0297974
311	1.4	0.0297974
311	1.5	0.0297974
311	1.6	0.0288553
311	1.7	0.0288553
311	1.8	0.0290257
311	1.9	0.0290257
311	2	0.0291704
311	2.1	0.0286559
311	2.2	0.0286559
311	2.3	0.028
311	2.4	0.0280611
311	2.5	0.0297717
311	2.6	0.0297717
311	2.7	0.0288617
311	2.8	0.0288875
311	2.9	0.0284244
311	3	0.0284244
311	3.1	0.0284662
311	3.2	0.0284662
311	3.3	0.0299228
311	3.4	0.0299228
311	3.5	0.0299228
311	3.6	0.0290482
311	3.7	0.0290482
311	3.8	0.029135
311	3.9	0.029135
311	4	0.029135
311	4.1	0.0289839
311	4.2	0.0289839
311	4.3	0.0288682
311	4.4	0.0288682
311	4.5	0.0288682
311	4.6	0.0285691
311	4.7	0.0285691
311	4.8	0.0289228
311	4.9	0.0289228
311	5	0.0297267
321	0	0.0435888
321	0.1	0.0431682
321	0.2	0.0434268
321	0.3	0.0434299
321	0.4	0.044352
321	0.5	0.0394206
321	0.6	0.0299595
321	0.7	0.0293178
321	0.8	0.0290872
321	0.9	0.028919
321	1	0.0290748
321	1.1	0.0296667
321	1.2	0.0296698
321	1.3	0.0298349
321	1.4	0.0297196
321	1.5	0.0297196
321	1.6	0.0282928
321	1.7	0.0282928
321	1.8	0.029972
321	1.9	0.029972
321	2	0.0299408
321	2.1	0.0300467
321	2.2	0.0281277
321	2.3	0.0281277
321	2.4	0.0284268
321	2.5	0.0284268
321	2.6	0.0294206
321	2.7	0.0294206
321	2.8	0.0288193
321	2.9	0.0288193
321	3	0.0294922
321	3.1	0.0294922
321	3.2	0.0294922
321	3.3	0.0290779
321	3.4	0.0290779
321	3.5	0.0286355
321	3.6	0.0286355
321	3.7	0.0286355
321	3.8	0.0284673
321	3.9	0.0284673
321	4	0.0286293
321	4.1	0.0286293
321	4.2	0.0298536
321	4.3	0.0298536
321	4.4	0.0296044
321	4.5	0.0296044
321	4.6	0.0282305
321	4.7	0.0282305
321	4.8	0.0305171
321	4.9	0.0305171
321	5	0.0297227
331	0	0.043432
331	0.1	0.0433535
331	0.2	0.0447251
331	0.3	0.0447009
331	0.4	0.0437462
331	0.5	0.0339668
331	0.6	0.0303716
331	0.7	0.0283353
331	0.8	0.028284
331	0.9	0.0275559
331	1	0.0276677
331	1.1	0.0270725
331	1.2	0.0270725
331	1.3	0.0284562
331	1.4	0.0284562
331	1.5	0.0275076
331	1.6	0.0275076
331	1.7	0.0289637
331	1.8	0.0291178
331	1.9	0.029574
331	2	0.0295831
331	2.1	0.0297644
331	2.2	0.0278369
331	2.3	0.0278369
331	2.4	0.0288278
331	2.5	0.0288278
331	2.6	0.0288278
331	2.7	0.0282598
331	2.8	0.0283384
331	2.9	0.0293353
331	3	0.0293353
331	3.1	0.0293353
331	3.2	0.0284532
331	3.3	0.0284532
331	3.4	0.027994
331	3.5	0.027994
331	3.6	0.0290695
331	3.7	0.0296888
331	3.8	0.0296888
331	3.9	0.0298671
331	4	0.0298671
331	4.1	0.0294199
331	4.2	0.0294199
331	4.3	0.0286314
331	4.4	0.0286314
331	4.5	0.0286314
331	4.6	0.0293867
331	4.7	0.0293867
331	4.8	0.0294441
331	4.9	0.0294441
331	5	0.0294441
341	0	0.046434
341	0.1	0.0463109
341	0.2	0.0453196
341	0.3	0.0450762
341	0.4	0.0409531
341	0.5	0.0294457
341	0.6	0.0299589
341	0.7	0.0295455
341	0.8	0.0272493
341	0.9	0.0271378
341	1	0.0277155
341	1.1	0.0277155
341	1.2	0.0279941
341	1.3	0.0279443
341	1.4	0.0285425
341	1.5	0.0285425
341	1.6	0.0285425
341	1.7	0.0285249
341	1.8	0.0286364
341	1.9	0.028563
341	2	0.028563
341	2.1	0.028437
341	2.2	0.0280557
341	2.3	0.0280557
341	2.4	0.0272698
341	2.5	0.0272698
341	2.6	0.0272698
341	2.7	0.029261
341	2.8	0.0293431
341	2.9	0.0276334
341	3	0.0276276
341	3.1	0.0276276
341	3.2	0.0286246
341	3.3	0.0286246
341	3.4	0.0280205
341	3.5	0.0280205
341	3.6	0.0280205
341	3.7	0.0293812
341	3.8	0.0293812
341	3.9	0.027695
341	4	0.027695
341	4.1	0.027695
341	4.2	0.0284692
341	4.3	0.0284692
341	4.4	0.0288182
341	4.5	0.0288182
341	4.6	0.0288182
341	4.7	0.0285191
341	4.8	0.0285191
341	4.9	0.0289765
341	5	0.0276833
351	0	0.0460883
351	0.1	0.0470399
351	0.2	0.0469858
351	0.3	0.0431795
351	0.4	0.0357778
351	0.5	0.0330826
351	0.6	0.0272593
351	0.7	0.0274672
351	0.8	0.0277094
351	0.9	0.0276952
351	1	0.0272108
351	1.1	0.0272108
351	1.2	0.0273419
351	1.3	0.0276182
351	1.4	0.0276182
351	1.5	0.0286011
351	1.6	0.0286011
351	1.7	0.0278746
351	1.8	0.0279231
351	1.9	0.0286553
351	2	0.0286553
351	2.1	0.0278946
351	2.2	0.0278946
351	2.3	0.0268917
351	2.4	0.0268917
351	2.5	0.0284188
351	2.6	0.0284188
351	2.7	0.027812
351	2.8	0.0279487
351	2.9	0.0298604
351	3	0.0298604
351	3.1	0.0298604
351	3.2	0.0274758
351	3.3	0.0274758
351	3.4	0.0287977
351	3.5	0.0287977
351	3.6	0.0287977
351	3.7	0.0286923
351	3.8	0.0286923
351	3.9	0.0268604
351	4	0.0268604
351	4.1	0.0277664
351	4.2	0.0277664
351	4.3	0.0283789
351	4.4	0.0283789
351	4.5	0.0288718
351	4.6	0.0288718
351	4.7	0.0289801
351	4.8	0.0289801
351	4.9	0.0276781
351	5	0.0276781
361	0	0.0457701
361	0.1	0.0444709
361	0.2	0.0440111
361	0.3	0.0444211
361	0.4	0.0326842
361	0.5	0.0293601
361	0.6	0.0285873
361	0.7	0.028687
361	0.8	0.0274432
361	0.9	0.0274211
361	1	0.0274211
361	1.1	0.0280582
361	1.2	0.0280222
361	1.3	0.028554
361	1.4	0.028554
361	1.5	0.0273518
361	1.6	0.0273518
361	1.7	0.0274404
361	1.8	0.0277119
361	1.9	0.0277119
361	2	0.0280499
361	2.1	0.0279723
361	2.2	0.0279723
361	2.3	0.0282715
361	2.4	0.0282715
361	2.5	0.027374
361	2.6	0.027374
361	2.7	0.027374
361	2.8	0.0289141
361	2.9	0.0289141
361	3	0.0277147
361	3.1	0.0277147
361	3.2	0.0277147
361	3.3	0.0279197
361	3.4	0.0279197
361	3.5	0.0272659
361	3.6	0.0272659
361	3.7	0.0280637
361	3.8	0.0278476
361	3.9	0.0278476
361	4	0.0281828
361	4.1	0.0281828
361	4.2	0.0274211
361	4.3	0.0274211
361	4.4	0.0278698
361	4.5	0.0278698
361	4.6	0.0278698
361	4.7	0.0267922
361	4.8	0.0267922
361	4.9	0.0285485
361	5	0.0285485
371	0	0.0459488
371	0.1	0.0447925
371	0.2	0.0440216
371	0.3	0.0395337
371	0.4	0.0319353
371	0.5	0.0291078
371	0.6	0.0284744
371	0.7	0.0276873
371	0.8	0.0276523
371	0.9	0.0277655
371	1	0.0277655
371	1.1	0.0282588
371	1.2	0.0281563
371	1.3	0.0262453
371	1.4	0.0262453
371	1.5	0.0280782
371	1.6	0.0280782
371	1.7	0.0280782
371	1.8	0.0270566
371	1.9	0.0270566
371	2	0.0276011
371	2.1	0.0277385
371	2.2	0.0277385
371	2.3	0.0282318
371	2.4	0.0282318
371	2.5	0.0291105
371	2.6	0.0291105
371	2.7	0.0272453
371	2.8	0.0271968
371	2.9	0.0267978
371	3	0.0267978
371	3.1	0.0276739
371	3.2	0.0276739
371	3.3	0.0283908
371	3.4	0.0283908
371	3.5	0.0274474
371	3.6	0.0274474
371	3.7	0.0280889
371	3.8	0.0280889
371	3.9	0.0279164
371	4	0.0279164
371	4.1	0.0279164
371	4.2	0.0272965
371	4.3	0.0272965
371	4.4	0.0276361
371	4.5	0.0276361
371	4.6	0.0276361
371	4.7	0.0272345
371	4.8	0.0272345
371	4.9	0.0272453
371	5	0.0272453
381	0	0.0469974
381	0.1	0.0456115
381	0.2	0.0444698
381	0.3	0.0370026
381	0.4	0.0310289
381	0.5	0.0282178
381	0.6	0.0282913
381	0.7	0.0281732
381	0.8	0.0281785
381	0.9	0.0283045
381	1	0.0290315
381	1.1	0.0290315
381	1.2	0.0276745
381	1.3	0.0276719
381	1.4	0.0276903
381	1.5	0.0275512
381	1.6	0.0275512
381	1.7	0.0284777
381	1.8	0.0284777
381	1.9	0.0273806
381	2	0.0273806
381	2.1	0.0277034
381	2.2	0.0277034
381	2.3	0.0286273
381	2.4	0.0286273
381	2.5	0.026811
381	2.6	0.026811
381	2.7	0.0278976
381	2.8	0.0278898
381	2.9	0.0263307
381	3	0.0263307
381	3.1	0.0263307
381	3.2	0.0267927
381	3.3	0.0267927
381	3.4	0.0271102
381	3.5	0.0271102
381	3.6	0.0271102
381	3.7	0.0273123
381	3.8	0.0273123
381	3.9	0.0272152
381	4	0.0272152
381	4.1	0.0286404
381	4.2	0.0286404
381	4.3	0.0273963
381	4.4	0.0273963
381	4.5	0.0274304
381	4.6	0.0274304
381	4.7	0.028706
381	4.8	0.028706
381	4.9	0.0283228
381	5	0.0283228
391	0	0.0464655
391	0.1	0.0465166
391	0.2	0.0432788
391	0.3	0.0304706
391	0.4	0.0284629
391	0.5	0.0276317
391	0.6	0.0277136
391	0.7	0.0275448
391	0.8	0.0275243
391	0.9	0.0275908
391	1	0.0291841
391	1.1	0.0291841
391	1.2	0.0272302
391	1.3	0.0272327
391	1.4	0.0280281
391	1.5	0.0280281
391	1.6	0.0280409
391	1.7	0.0266292
391	1.8	0.0266292
391	1.9	0.0278645
391	2	0.0278645
391	2.1	0.0279156
391	2.2	0.0279156
391	2.3	0.0279156
391	2.4	0.0279514
391	2.5	0.0279514
391	2.6	0.0282455
391	2.7	0.0282455
391	2.8	0.0282455
391	2.9	0.0281509
391	3	0.0281509
391	3.1	0.0269949
391	3.2	0.0269949
391	3.3	0.0272481
391	3.4	0.0272481
391	3.5	0.027578
391	3.6	0.027578
391	3.7	0.0277724
391	3.8	0.0277724
391	3.9	0.0276982
391	4	0.0276982
391	4.1	0.0273376
391	4.2	0.0273376
391	4.3	0.0279233
391	4.4	0.0279233
391	4.5	0.0279233
391	4.6	0.0280102
391	4.7	0.0280102
391	4.8	0.0280102
391	4.9	0.026954
391	5	0.026954
401	0	0.0491446
401	0.1	0.0487955
401	0.2	0.0398379
401	0.3	0.0318229
401	0.4	0.0259077
401	0.5	0.026399
401	0.6	0.0273292
401	0.7	0.0273965
401	0.8	0.027783
401	0.9	0.0278229
401	1	0.0282469
401	1.1	0.0282469
401	1.2	0.0294414
401	1.3	0.0294414
401	1.4	0.0284713
401	1.5	0.0284713
401	1.6	0.0287481
401	1.7	0.0287481
401	1.8	0.0287481
401	1.9	0.0275736
401	2	0.0275736
401	2.1	0.028581
401	2.2	0.028581
401	2.3	0.028581
401	2.4	0.0273716
401	2.5	0.0273716
401	2.6	0.0270574
401	2.7	0.0270574
401	2.8	0.0259501
401	2.9	0.0274165
401	3	0.0274165
401	3.1	0.0277855
401	3.2	0.0277855
401	3.3	0.02799
401	3.4	0.02799
401	3.5	0.0275012
401	3.6	0.0275012
401	3.7	0.0275012
401	3.8	0.0276783
401	3.9	0.0276783
401	4	0.0283865
401	4.1	0.0283865
401	4.2	0.0283865
401	4.3	0.027601
401	4.4	0.027601
401	4.5	0.0282743
401	4.6	0.0282743
401	4.7	0.027596
401	4.8	0.027596
401	4.9	0.0275985
401	5	0.0275985
411	0	0.0489538
411	0.1	0.0479854
411	0.2	0.0374039
411	0.3	0.0304647
411	0.4	0.027854
411	0.5	0.0282993
411	0.6	0.0275036
411	0.7	0.0275182
411	0.8	0.0280389
411	0.9	0.0280438
411	1	0.0280438
411	1.1	0.0275742
411	1.2	0.0276886
411	1.3	0.0286886
411	1.4	0.0287908
411	1.5	0.0287908
411	1.6	0.028056
411	1.7	0.028056
411	1.8	0.0265012
411	1.9	0.0265012
411	2	0.0282676
411	2.1	0.0282701
411	2.2	0.0285085
411	2.3	0.0285085
411	2.4	0.0285937
411	2.5	0.0285937
411	2.6	0.0271995
411	2.7	0.0271995
411	2.8	0.0274477
411	2.9	0.0274477
411	3	0.0274477
411	3.1	0.0285474
411	3.2	0.0285474
411	3.3	0.0280414
411	3.4	0.0280414
411	3.5	0.0280414
411	3.6	0.0280219
411	3.7	0.0280219
411	3.8	0.0279124
411	3.9	0.0279124
411	4	0.0284282
411	4.1	0.0284282
411	4.2	0.0272141
411	4.3	0.0272141
411	4.4	0.0280487
411	4.5	0.0280487
411	4.6	0.0286034
411	4.7	0.0286034
411	4.8	0.0271144
411	4.9	0.0271144
411	5	0.0285158
421	0	0.0470831
421	0.1	0.0455416
421	0.2	0.0350546
421	0.3	0.0293492
421	0.4	0.0280166
421	0.5	0.0281425
421	0.6	0.0280689
421	0.7	0.0271876
421	0.8	0.0272613
421	0.9	0.0278527
421	1	0.0278527
421	1.1	0.0261045
421	1.2	0.0261995
421	1.3	0.0277696
421	1.4	0.0277102
421	1.5	0.0274181
421	1.6	0.0274109
421	1.7	0.0270879
421	1.8	0.0270879
421	1.9	0.028076
421	2	0.028076
421	2.1	0.0276675
421	2.2	0.0276675
421	2.3	0.0283515
421	2.4	0.0283515
421	2.5	0.0283515
421	2.6	0.0274893
421	2.7	0.0274893
421	2.8	0.0274608
421	2.9	0.0274608
421	3	0.0274608
421	3.1	0.0279359
421	3.2	0.0279881
421	3.3	0.0279881
421	3.4	0.0271164
421	3.5	0.0271164
421	3.6	0.0272352
421	3.7	0.0272352
421	3.8	0.0269026
421	3.9	0.0269026
421	4	0.0275986
421	4.1	0.0275986
421	4.2	0.0282874
421	4.3	0.0282874
421	4.4	0.0280071
421	4.5	0.0280071
421	4.6	0.0280071
421	4.7	0.0286081
421	4.8	0.0286081
421	4.9	0.0274608
421	5	0.0274608
431	0	0.0466566
431	0.1	0.0434432
431	0.2	0.0317703
431	0.3	0.0272668
431	0.4	0.0273434
431	0.5	0.0272459
431	0.6	0.0273202
431	0.7	0.0262784
431	0.8	0.0263039
431	0.9	0.0275963
431	1	0.0275963
431	1.1	0.0275731
431	1.2	0.0276079
431	1.3	0.0285244
431	1.4	0.0285058
431	1.5	0.0288886
431	1.6	0.0288538
431	1.7	0.0288538
431	1.8	0.0285986
431	1.9	0.0285986
431	2	0.0283295
431	2.1	0.0283295
431	2.2	0.0283295
431	2.3	0.027942
431	2.4	0.027942
431	2.5	0.0282923
431	2.6	0.0282923
431	2.7	0.0273063
431	2.8	0.0285104
431	2.9	0.0285104
431	3	0.0270789
431	3.1	0.0270789
431	3.2	0.0271903
431	3.3	0.0271903
431	3.4	0.0279606
431	3.5	0.0279606
431	3.6	0.0279606
431	3.7	0.0283805
431	3.8	0.0283805
431	3.9	0.0270116
431	4	0.0270116
431	4.1	0.0270116
431	4.2	0.0278863
431	4.3	0.0278863
431	4.4	0.0269443
431	4.5	0.0269443
431	4.6	0.0273155
431	4.7	0.0273155
431	4.8	0.0265313
431	4.9	0.0265313
431	5	0.0271879
441	0	0.0496054
441	0.1	0.0409456
441	0.2	0.0319569
441	0.3	0.0281701
441	0.4	0.0281701
441	0.5	0.0270385
441	0.6	0.0271247
441	0.7	0.0262948
441	0.8	0.0262993
441	0.9	0.0262993
441	1	0.0274354
441	1.1	0.0274354
441	1.2	0.0274444
441	1.3	0.0274444
441	1.4	0.0274376
441	1.5	0.0267392
441	1.6	0.0266531
441	1.7	0.0273787
441	1.8	0.0272494
441	1.9	0.0272494
441	2	0.0270612
441	2.1	0.0270612
441	2.2	0.0268367
441	2.3	0.0268367
441	2.4	0.0268435
441	2.5	0.0268435
441	2.6	0.0272358
441	2.7	0.0272358
441	2.8	0.0272358
441	2.9	0.0272857
441	3	0.0272857
441	3.1	0.0265125
441	3.2	0.0265125
441	3.3	0.0265125
441	3.4	0.026195
441	3.5	0.026195
441	3.6	0.0283673
441	3.7	0.0283673
441	3.8	0.0283401
441	3.9	0.0283401
441	4	0.0284671
441	4.1	0.0284671
441	4.2	0.0271134
441	4.3	0.0279705
441	4.4	0.0279705
441	4.5	0.0260794
441	4.6	0.0260794
441	4.7	0.0284717
441	4.8	0.0284717
441	4.9	0.0284717
441	5	0.0268458
451	0	0.0474213
451	0.1	0.0359268
451	0.2	0.03102
451	0.3	0.0284723
451	0.4	0.027235
451	0.5	0.027235
451	0.6	0.0272439
451	0.7	0.0273681
451	0.8	0.0271264
451	0.9	0.0271264
451	1	0.0270843
451	1.1	0.0270843
451	1.2	0.0285388
451	1.3	0.0285388
451	1.4	0.0275499
451	1.5	0.0275499
451	1.6	0.0276984
451	1.7	0.0276984
451	1.8	0.0278248
451	1.9	0.0278248
451	2	0.0278293
451	2.1	0.0278293
451	2.2	0.0278293
451	2.3	0.0283392
451	2.4	0.0283392
451	2.5	0.0270177
451	2.6	0.0270177
451	2.7	0.0270177
451	2.8	0.0269047
451	2.9	0.0269047
451	3	0.02749
451	3.1	0.02749
451	3.2	0.0281286
451	3.3	0.027255
451	3.4	0.027255
451	3.5	0.0269933
451	3.6	0.0269933
451	3.7	0.0281042
451	3.8	0.0281042
451	3.9	0.0275632
451	4	0.0275632
451	4.1	0.0275632
451	4.2	0.0290443
451	4.3	0.0290443
451	4.4	0.0268581
451	4.5	0.0268581
451	4.6	0.0268581
451	4.7	0.0268204
451	4.8	0.0268204
451	4.9	0.0280621
451	5	0.0280621
461	0	0.0493839
461	0.1	0.0335011
461	0.2	0.0289566
461	0.3	0.0285727
461	0.4	0.027
461	0.5	0.0271909
461	0.6	0.0271236
461	0.7	0.0274642
461	0.8	0.0274642
461	0.9	0.0269306
461	1	0.0269306
461	1.1	0.0269306
461	1.2	0.027295
461	1.3	0.027295
461	1.4	0.0271345
461	1.5	0.0271345
461	1.6	0.0271974
461	1.7	0.0280911
461	1.8	0.0280911
461	1.9	0.027013
461	2	0.027013
461	2.1	0.027013
461	2.2	0.0278265
461	2.3	0.0277462
461	2.4	0.0277462
461	2.5	0.0271692
461	2.6	0.0271692
461	2.7	0.0282928
461	2.8	0.0282928
461	2.9	0.0268351
461	3	0.0268351
461	3.1	0.0268351
461	3.2	0.0281475
461	3.3	0.0281475
461	3.4	0.0262299
461	3.5	0.0262299
461	3.6	0.0262299
461	3.7	0.0274187
461	3.8	0.0274187
461	3.9	0.028243
461	4	0.028243
461	4.1	0.028243
461	4.2	0.0273861
461	4.3	0.0273861
461	4.4	0.0277028
461	4.5	0.0293319
461	4.6	0.0293319
461	4.7	0.0285575
461	4.8	0.0285575
461	4.9	0.0282299
461	5	0.0282299
471	0	0.0486794
471	0.1	0.0343439
471	0.2	0.0267516
471	0.3	0.0266773
471	0.4	0.027758
471	0.5	0.027758
471	0.6	0.0278577
471	0.7	0.0276603
471	0.8	0.0276603
471	0.9	0.0297877
471	1	0.0297877
471	1.1	0.0297877
471	1.2	0.025811
471	1.3	0.025811
471	1.4	0.0288365
471	1.5	0.0288365
471	1.6	0.0269321
471	1.7	0.0264947
471	1.8	0.0264947
471	1.9	0.028155
471	2	0.028155
471	2.1	0.0282144
471	2.2	0.0282144
471	2.3	0.0284161
471	2.4	0.0284161
471	2.5	0.0284161
471	2.6	0.0279618
471	2.7	0.0279618
471	2.8	0.0282378
471	2.9	0.0282378
471	3	0.0282378
471	3.1	0.0286391
471	3.2	0.0286391
471	3.3	0.0280255
471	3.4	0.0280255
471	3.5	0.0276879
471	3.6	0.0276879
471	3.7	0.0269469
471	3.8	0.0269469
471	3.9	0.0276645
471	4	0.0276645
471	4.1	0.0281062
471	4.2	0.0281062
471	4.3	0.0284947
471	4.4	0.0284947
471	4.5	0.0272484
471	4.6	0.0272484
471	4.7	0.0272484
471	4.8	0.0280297
471	4.9	0.0280297
471	5	0.0268769
481	0	0.051684
481	0.1	0.0351351
481	0.2	0.0282162
481	0.3	0.0280021
481	0.4	0.0277193
481	0.5	0.0277193
481	0.6	0.0277859
481	0.7	0.0285759
481	0.8	0.0283035
481	0.9	0.0283035
481	1	0.0278337
481	1.1	0.0278337
481	1.2	0.0280083
481	1.3	0.0280083
481	1.4	0.0270437
481	1.5	0.0270437
481	1.6	0.0270561
481	1.7	0.0293514
481	1.8	0.0293514
481	1.9	0.0298565
481	2	0.0298565
481	2.1	0.0298565
481	2.2	0.028578
481	2.3	0.028578
481	2.4	0.0300353
481	2.5	0.0300353
481	2.6	0.0300353
481	2.7	0.0283721
481	2.8	0.0283721
481	2.9	0.0277942
481	3	0.0277942
481	3.1	0.0289647
481	3.2	0.0288711
481	3.3	0.0288711
481	3.4	0.0283285
481	3.5	0.0283285
481	3.6	0.0272495
481	3.7	0.0272495
481	3.8	0.0272495
481	3.9	0.0285572
481	4	0.0285572
481	4.1	0.0281518
481	4.2	0.0281518
481	4.3	0.0281518
481	4.4	0.0281497
481	4.5	0.0281497
481	4.6	0.0280665
481	4.7	0.0280665
481	4.8	0.0280665
481	4.9	0.0288649
481	5	0.0288649
491	0	0.0475703
491	0.1	0.032002
491	0.2	0.0273666
491	0.3	0.026664
491	0.4	0.0266151
491	0.5	0.0281018
491	0.6	0.0281507
491	0.7	0.029057
491	0.8	0.029057
491	0.9	0.0273768
491	1	0.0273768
491	1.1	0.0273768
491	1.2	0.0279124
491	1.3	0.0279124
491	1.4	0.0273279
491	1.5	0.0273279
491	1.6	0.0273299
491	1.7	0.0282668
491	1.8	0.0282668
491	1.9	0.0286008
491	2	0.0286008
491	2.1	0.0282627
491	2.2	0.0282627
491	2.3	0.0289043
491	2.4	0.0289043
491	2.5	0.0271813
491	2.6	0.0269369
491	2.7	0.0269369
491	2.8	0.027609
491	2.9	0.027609
491	3	0.0279165
491	3.1	0.0279165
491	3.2	0.0279165
491	3.3	0.0285621
491	3.4	0.0285621
491	3.5	0.0288737
491	3.6	0.0288737
491	3.7	0.0288737
491	3.8	0.0289002
491	3.9	0.0289002
491	4	0.0279002
491	4.1	0.0279002
491	4.2	0.027446
491	4.3	0.027446
491	4.4	0.0277006
491	4.5	0.0277006
491	4.6	0.0278615
491	4.7	0.0278615
491	4.8	0.0279532
491	4.9	0.0279532
491	5	0.0264888
501	0	0.0446627
501	0.1	0.0323912
501	0.2	0.0281377
501	0.3	0.0292495
501	0.4	0.0292236
501	0.5	0.0292236
501	0.6	0.0279701
501	0.7	0.0279721
501	0.8	0.0289261
501	0.9	0.0289261
501	1	0.0289261
501	1.1	0.0283832
501	1.2	0.0283832
501	1.3	0.0287924
501	1.4	0.0287924
501	1.5	0.0271637
501	1.6	0.0273234
501	1.7	0.0273234
501	1.8	0.028499
501	1.9	0.028499
501	2	0.027523
501	2.1	0.027523
501	2.2	0.0281976
501	2.3	0.0281976
501	2.4	0.0281976
501	2.5	0.029483
501	2.6	0.029483
501	2.7	0.0272834
501	2.8	0.0272834
501	2.9	0.0272834
501	3	0.0278383
501	3.1	0.0278383
501	3.2	0.0282355
501	3.3	0.0282355
501	3.4	0.0279421
501	3.5	0.0279421
501	3.6	0.0272096
501	3.7	0.0272096
501	3.8	0.0280579
501	3.9	0.0280579
501	4	0.0272355
501	4.1	0.0288443
501	4.2	0.0288443
501	4.3	0.0288443
501	4.4	0.0277804
501	4.5	0.0277804
501	4.6	0.0285509
501	4.7	0.0285509
501	4.8	0.0285509
501	4.9	0.0276327
501	5	0.0276327
511	0	0.0428023
511	0.1	0.0316751
511	0.2	0.0276536
511	0.3	0.0275303
511	0.4	0.0275186
511	0.5	0.0278982
511	0.6	0.0279041
511	0.7	0.0286067
511	0.8	0.0278532
511	0.9	0.0278532
511	1	0.0280176
511	1.1	0.0280176
511	1.2	0.0278767
511	1.3	0.0278767
511	1.4	0.0280235
511	1.5	0.0280235
511	1.6	0.0280235
511	1.7	0.0282133
511	1.8	0.0282133
511	1.9	0.0273992
511	2	0.0273992
511	2.1	0.0273992
511	2.2	0.0287241
511	2.3	0.0287241
511	2.4	0.02782
511	2.5	0.02782
511	2.6	0.0283992
511	2.7	0.0283992
511	2.8	0.0276849
511	2.9	0.0276849
511	3	0.0281644
511	3.1	0.0281644
511	3.2	0.028863
511	3.3	0.0276849
511	3.4	0.0276849
511	3.5	0.0276849
511	3.6	0.0292955
511	3.7	0.0292955
511	3.8	0.0277789
511	3.9	0.0277789
511	4	0.0277789
511	4.1	0.0289765
511	4.2	0.0289765
511	4.3	0.0273542
511	4.4	0.0273542
511	4.5	0.0273542
511	4.6	0.0288474
511	4.7	0.0288474
511	4.8	0.0275812
511	4.9	0.0275812
511	5	0.028681
521	0	0.0491804
521	0.1	0.0344664
521	0.2	0.0277793
521	0.3	0.0290806
521	0.4	0.0282495
521	0.5	0.0282553
521	0.6	0.0282591
521	0.7	0.0296814
521	0.8	0.0296814
521	0.9	0.0281747
521	1	0.0281747
521	1.1	0.0281747
521	1.2	0.0284203
521	1.3	0.0284203
521	1.4	0.0295816
521	1.5	0.0295816
521	1.6	0.0295816
521	1.7	0.0284702
521	1.8	0.0284702
521	1.9	0.0291708
521	2	0.0291708
521	2.1	0.0281593
521	2.2	0.0281593
521	2.3	0.0282207
521	2.4	0.0282207
521	2.5	0.0278445
521	2.6	0.0278445
521	2.7	0.0287582
521	2.8	0.0287582
521	2.9	0.0291228
521	3	0.0291228
521	3.1	0.0290921
521	3.2	0.0290921
521	3.3	0.0290921
521	3.4	0.0285547
521	3.5	0.0285547
521	3.6	0.0280192
521	3.7	0.0280192
521	3.8	0.0280192
521	3.9	0.0288119
521	4	0.0288119
521	4.1	0.027405
521	4.2	0.027405
521	4.3	0.0291267
521	4.4	0.0288868
521	4.5	0.0288868
521	4.6	0.0282687
521	4.7	0.0282687
521	4.8	0.0290998
521	4.9	0.0290998
521	5	0.0282956
