2.40953
2.46442
2.50035
2.48642
2.43046
2.40244
2.46655
2.45878
2.38514
2.45632
2.45819
2.44678
2.42389
2.43799
2.39069
2.47213
2.41752
2.45901
2.46057
2.38843
2.4219
2.42824
2.45488
2.50053
2.47063
2.50454
2.51653
2.46625
2.42713
2.38623
2.44512
2.45592
2.46659
2.44824
2.37966
2.44037
2.47788
2.46721
2.41996
2.41662
2.42303
2.41138
2.3838
2.34745
2.20288
2.1754
2.01745
1.98513
1.96968
1.96193
1.93676
1.92305
1.99344
1.9224
1.99832
1.92234
1.93865
1.97594
1.96437
1.92529
1.97417
1.97104
1.96745
1.91217
1.94785
1.96192
1.9745
1.95941
1.964
1.97683
1.95055
1.94078
1.9702
1.95671
1.97802
1.91349
1.96668
1.9983
1.92401
1.89745
1.93425
1.94807
1.9578
1.97227
1.94879
1.9897
1.92025
1.98342
1.92238
1.94929
1.9358
1.96854
1.95087
1.96513
1.96263
1.94832
1.92255
1.97334
1.95572
1.99131
1.96712
1.96153
1.92825
1.91731
1.91805
1.95982
1.93159
1.97566
2.00462
1.96387
1.9584
2.01443
1.94514
1.9564
1.92738
1.94634
1.93096
1.91823
1.95814
1.97427
1.97466
1.98695
2.01453
1.9255
1.95348
1.95488
1.94395
1.9773
1.95149
1.96854
1.94809
1.9539
1.96932
1.96538
1.90452
2.00948
1.94178
1.90847
1.97338
1.92555
1.94021
1.95275
1.95407
1.95071
1.92311
1.93515
1.9186
1.97227
1.94045
1.93605
1.95854
1.94769
1.9714
1.96711
1.96666
1.95554
1.9664
1.94557
1.9681
1.96342
1.94683
1.96271
1.93817
1.93189
1.92655
1.9752
1.93179
1.9758
1.95998
1.99764
2.01253
1.95466
1.96178
2.00059
1.93471
1.91127
1.9505
1.98164
1.95524
1.97731
1.95009
1.94305
1.9703
2.01765
1.9472
1.94364
1.96535
1.97532
1.96531
1.99618
1.97301
1.97009
1.94958
1.98202
1.91139
1.94429
1.95256
1.95973
1.96157
1.95675
1.90484
1.95205
1.96838
1.98238
1.94807
1.98002
1.94989
1.93148
1.97082
1.96617
1.95943
1.99915
1.97589
1.97556
1.93816
1.97769
1.98644
1.96228
1.94073
1.93081
1.97895
1.93852
1.94076
2.01235
1.97528
1.98844
1.97804
1.94628
1.96011
1.97886
1.96745
1.95346
1.96449
1.97819
1.87302
1.9996
1.95367
1.93656
1.91844
1.94248
1.94206
1.92635
1.98051
1.99422
1.96499
1.94851
1.97749
1.96745
1.98564
1.94496
1.96782
1.93014
1.95185
1.94502
1.99509
2.00599
1.93775
1.97898
1.95032
1.97176
2.01824
1.9834
2.00708
1.94721
1.9969
1.9596
1.986
1.9579
1.9406
2.00154
1.96642
1.97456
1.94818
1.94403
1.97477
1.97752
1.93773
1.92833
2.00622
1.97989
1.95618
1.9494
1.96928
1.94813
1.93708
1.99521
1.9423
1.99879
1.98034
1.97335
1.93812
1.97459
1.95342
1.95435
1.94868
1.96227
1.94726
1.96599
1.99051
1.95102
1.89538
1.98425
1.93784
1.94806
1.97099
1.98619
1.97961
1.99324
1.89554
1.93049
1.92969
1.92819
1.97458
1.96692
1.94725
1.94383
1.96699
1.98155
1.96392
1.91791
2.00443
1.94603
1.9609
1.95619
1.93718
1.98423
1.94507
1.9533
1.95873
1.93276
1.9986
1.92923
1.96198
1.98041
1.9356
1.94515
1.9755
1.97708
1.95172
1.92152
1.92686
2.00224
1.96503
1.95163
1.92178
1.97157
1.98346
1.98877
1.93489
1.94903
1.95508
1.93911
1.94278
1.92116
1.95202
1.94489
1.94753
1.95775
1.95248
1.95669
1.95684
1.94849
1.94867
1.93658
1.99041
1.96173
1.98404
1.95893
1.96892
1.94478
1.94695
1.97724
1.97192
1.96529
1.98408
1.94915
1.9011
1.96245
1.9902
1.94972
1.96728
1.97394
1.93718
1.931
1.97437
2.00426
1.97301
1.98034
1.96315
1.94284
1.95347
1.94648
1.94973
1.97115
1.97782
1.97241
2.00641
1.96476
1.98487
1.96555
1.97134
1.9091
1.95256
1.98546
1.93845
1.95826
1.9615
1.97087
1.94387
1.98993
1.94294
1.97809
1.98463
2.01746
1.98606
2.00327
2.00586
1.92207
1.94002
1.94124
1.95753
1.92143
1.98767
1.9809
1.96825
1.96156
1.98142
1.92773
1.98903
1.95751
1.97157
1.90824
1.94567
1.99315
1.94133
1.94695
1.91641
1.96721
1.96718
1.97864
2.02299
1.99225
1.99388
1.93283
1.94176
1.95649
1.89898
1.95692
1.93808
1.97475
1.93395
1.95733
1.95104
1.94852
1.99542
1.95973
1.99848
1.98084
1.93358
1.98946
1.93165
1.90525
1.92476
1.95403
1.87284
1.94316
1.96731
1.93737
2.00065
1.94315
1.94668
1.96572
1.99907
1.96941
1.94877
1.99672
1.97097
1.97254
1.91249
1.96787
1.9106
1.94161
1.93492
1.94123
1.96025
1.96948
1.98659
1.96437
1.90783
1.94009
1.97011
1.97481
1.96548
1.97366
1.97587
1.96846
1.96432
1.92685
1.99658
1.95962
1.95004
1.96752
1.96708
1.97199
1.92732
1.97511
1.96889
1.94854
1.97584
1.98768
1.99013
2.01482
1.96798
1.99946
1.95663
1.96375
1.97343
1.93218
1.96782
2.01485
1.98754
1.94996
1.94087
1.93473
1.96198
1.95781
1.95311
1.97688
1.9454
1.94536
1.95796
1.97662
1.96276
1.94489
1.98535
1.94072
1.97124
1.99498
1.92018
1.97357
1.99317
2.01059
1.95107
1.96485
1.96999
1.9615
1.97157
1.9604
1.92808
1.9433
1.94323
1.93635
2.01822
1.97189
1.96615
1.98076
1.93239
1.98487
1.94896
1.96294
1.93476
1.96761
1.9048
1.96437
2.00461
1.96523
1.92574
1.98563
2.00566
1.97076
1.92645
1.92625
1.92783
2.00727
1.95475
1.92147
1.96707
1.91808
1.96438
1.97612
1.98912
1.93619
1.97318
1.969
1.95579
2.00334
1.99738
1.89658
1.98412
1.93453
2.02344
1.97788
1.96677
1.99091
1.98852
1.94165
2.00109
1.96864
1.97106
1.954
1.98152
1.98145
1.93711
1.94614
1.93507
1.90706
1.97938
1.97316
1.98132
1.9618
1.92432
1.97137
1.96156
2.00748
1.95872
1.96775
1.98846
1.95996
1.96959
1.91488
2.03641
1.96638
1.99778
1.92731
1.93315
1.94586
2.0154
1.95954
1.95004
1.97703
1.93938
1.93409
1.95673
1.96284
1.97401
1.92892
1.95884
1.97523
1.93258
1.95613
2.04366
1.96299
1.94328
1.98179
1.95788
1.95432
1.96429
1.95111
1.99262
1.95485
1.94354
1.92993
1.92383
1.96881
1.97186
1.94022
2.01228
1.94999
1.96697
1.96315
1.95249
1.97318
1.98986
1.94149
1.98633
2.01501
1.95604
1.95665
1.9426
1.9716
1.95393
1.98488
1.91269
1.99029
1.97763
1.9803
1.99098
1.95743
1.91877
1.95112
1.96514
1.96453
1.94305
1.97499
2.00905
2.01823
1.91746
1.93926
1.95605
1.97422
1.95618
1.96377
1.98548
1.94686
2.00294
1.93055
1.97077
1.98302
1.99456
1.90022
1.99811
1.97874
1.94799
1.99807
1.96335
1.97088
1.9447
1.94676
1.97285
1.95883
2.00445
1.98677
1.97748
1.99897
1.95264
1.95797
1.96553
2.01845
1.98836
1.9713
2.00424
1.97596
1.96539
1.99903
1.94585
2.02059
1.98911
1.91963
1.96302
1.96514
1.96387
1.88877
1.95969
1.96484
1.9656
1.97164
1.97171
1.9631
1.96851
1.93675
2.0279
1.96017
1.93595
1.99444
2.02516
1.96924
1.98945
1.98388
1.94727
1.96301
1.96664
1.95363
1.99981
2.01177
1.98504
1.94953
1.98578
1.94327
1.93497
1.95333
1.98258
1.92018
1.95387
1.95293
1.98779
1.94115
1.97546
2.0224
1.99821
1.97855
2.00282
1.98911
1.96354
1.98024
1.98625
1.96979
1.93315
1.96744
1.96122
1.96942
1.91628
1.94469
1.96483
1.93692
1.92308
1.94483
1.93845
1.96343
1.97457
1.96559
1.96656
1.98245
1.96025
1.95015
2.00965
1.94064
1.99669
1.98185
1.96009
1.98126
1.96515
1.92897
1.97388
1.94193
1.95862
1.975
1.95422
1.94205
1.96001
1.98049
1.93978
1.98043
1.97135
1.95089
1.96306
1.97043
1.9654
1.99292
2.00698
1.91244
1.9148
1.94356
1.98381
1.92137
1.93677
1.97852
1.99497
1.96217
1.93746
1.92647
1.97277
1.94394
1.94926
1.97391
1.90603
1.95531
1.9829
1.95333
1.93705
2.0288
2.01473
1.94146
1.97816
1.91086
1.95213
1.9143
2.00771
1.90925
1.94981
1.92213
1.9924
1.95879
1.95162
1.93919
1.95964
1.95085
1.95968
1.97591
1.99731
1.93056
1.95532
1.97293
1.99683
1.96101
1.952
1.9489
1.99531
1.93983
2.00681
1.9412
1.99278
1.9391
2.03627
1.98036
1.9638
1.92397
1.99417
1.93827
1.9307
1.95385
1.92072
1.98319
1.91845
1.94835
1.94488
1.93699
1.95496
1.98367
1.93686
1.96808
1.9733
1.95754
1.96704
1.97253
1.93778
1.9601
1.91175
1.945
1.93397
2.02409
1.98894
1.99386
1.94986
1.97366
1.99669
1.93815
1.92339
1.95212
1.97382
1.97348
1.9682
1.95442
1.93077
1.94934
1.9441
1.99837
2.00815
1.97306
1.98909
1.97367
1.95902
1.93608
2.02056
1.97478
1.98237
1.93894
1.95957
1.96685
1.95397
1.93897
1.97141
1.94821
1.99339
2.00336
1.9252
1.99086
1.97426
1.94038
1.95696
1.9437
1.94186
2.01132
1.96277
1.92513
1.98681
1.95778
1.97779
1.99823
1.95385
1.9583
1.97487
1.9749
1.96704
1.96226
1.94601
1.94722
1.95528
1.98901
1.93297
1.96739
1.93997
1.94253
1.99394
1.95712
1.9171
1.92371
1.97513
1.97936
2.01543
1.96642
2.00618
1.98168
1.95259
1.94518
1.94845
1.89612
1.99387
1.96671
1.94325
2.04645
1.98168
1.92255
1.98185
1.94993
1.93488
1.93749
1.93836
1.96607
1.95183
1.97076
1.93177
1.94288
1.9832
1.95494
1.95393
1.92998
1.95218
1.96565
1.91332
