1.09508
1.09482
1.05741
1.06454
1.07324
1.07997
1.08713
1.0631
1.07066
1.06976
0.93014
0.87615
0.86656
0.88996
0.87774
0.85288
0.87961
0.86225
0.86838
0.86836
0.90641
0.8823
0.87043
0.89076
0.89187
0.8758
0.86053
0.85784
0.87402
0.90068
0.88239
0.87751
0.89497
0.88465
0.87795
0.87309
0.88762
0.89393
0.88493
0.88253
0.8748
0.87741
0.87446
0.86802
0.87333
0.87922
0.86967
0.87707
0.88156
0.87699
0.889
0.89756
0.88329
0.90564
0.88681
0.88918
0.87561
0.88993
0.88482
0.89233
0.90266
0.87033
0.88314
0.88811
0.89122
0.89648
0.88646
0.88372
0.89686
0.90648
0.89501
0.87056
0.88599
0.88748
0.87853
0.87486
0.89383
0.87596
0.88075
0.8976
0.90885
0.89184
0.88574
0.90602
0.86594
0.89487
0.88479
0.89482
0.8847
0.89463
0.88874
0.87805
0.87133
0.87303
0.9149
0.88838
0.88838
0.89472
0.89602
0.89437
0.9174
0.88077
0.89871
0.8946
0.89012
0.88734
0.90604
0.86573
0.88301
0.89849
0.87452
0.90645
0.86283
0.89248
0.88838
0.87757
0.89472
0.87269
0.87385
0.89936
0.9004
0.88199
0.89883
0.90165
0.8738
0.8649
0.90582
0.87527
0.86858
0.87604
0.87673
0.89226
0.89119
0.8836
0.88915
0.89535
0.86952
0.88809
0.90724
0.87635
0.89204
0.89378
0.89996
0.8901
0.917
0.90383
0.85521
0.89657
0.8957
0.87497
0.87083
0.88639
0.87244
0.87051
0.88829
0.87644
0.89311
0.87169
0.89881
0.90538
0.89688
0.8758
0.86524
0.90816
0.87465
0.85928
0.88059
0.87725
0.89382
0.8815
0.87563
0.88784
0.88004
0.88746
0.86565
0.87889
0.86619
0.85896
0.8901
0.88894
0.90721
0.8835
0.87888
0.8801
0.88913
0.89645
0.87464
0.88537
0.90157
0.86576
0.89702
0.88436
0.88069
0.89263
0.87012
0.89098
0.9008
0.89275
0.90349
0.87069
0.88901
0.89084
0.88731
0.90561
0.90641
0.8896
0.87365
0.88623
0.90689
0.89251
0.88849
0.89961
0.87325
0.86972
0.89442
0.88057
0.89568
0.91062
0.87755
0.89462
0.88558
0.90703
0.87366
0.90083
0.8887
0.88074
0.87548
0.89892
0.86567
0.88753
0.88513
0.88237
0.88379
0.88656
0.87984
0.88074
0.88818
0.90424
0.881
0.88067
0.90165
0.8898
0.88511
0.87994
0.8854
0.87591
0.86946
0.86241
0.88201
0.88103
0.87301
0.89294
0.88894
0.88609
0.88496
0.87659
0.87024
0.87377
0.90018
0.86298
0.87282
0.89458
0.88153
0.87456
0.8904
0.87232
0.88412
0.89531
0.89822
0.87158
0.90178
0.88804
0.88906
0.87985
0.88885
0.91064
0.89934
0.9016
0.88484
0.8749
0.89143
0.88059
0.88586
0.87764
0.89369
0.88492
0.86865
0.87346
0.89697
0.85837
0.87952
0.88805
0.88149
0.87804
0.86915
0.88763
0.89615
0.87929
0.87428
0.87807
0.89111
0.89074
0.87818
0.88629
0.88965
0.88639
0.85866
0.89605
0.88219
0.89332
0.87796
0.90261
0.86658
0.90506
0.88053
0.88357
0.87017
0.90417
0.87675
0.86651
0.89257
0.86635
0.88704
0.86573
0.89614
0.88464
0.91417
0.88143
0.88483
0.89703
0.90179
0.88277
0.89148
0.89137
0.89245
0.89951
0.87215
0.90595
0.88615
0.90502
0.91609
0.88572
0.89381
0.88774
0.89909
0.85336
0.88763
0.86014
0.91113
0.87533
0.88647
0.88016
0.87701
0.88366
0.87766
0.89067
0.88977
0.8816
0.87743
0.90058
0.8698
0.88979
0.87194
0.89624
0.87549
0.87585
0.90045
0.87461
0.89277
0.88838
0.8882
0.87701
0.89037
0.88884
0.91246
0.86168
0.88355
0.8901
0.87733
0.90828
0.90833
0.89778
0.86846
0.88126
0.88504
0.864
0.88471
0.88547
0.87313
0.88566
0.87067
0.88158
0.89241
0.87136
0.9008
0.89971
0.88431
0.88028
0.86653
0.88272
0.88659
0.87266
0.89643
0.90779
0.88412
0.88107
0.88686
0.89117
0.89494
0.8852
0.89643
0.88697
0.86695
0.88698
0.8963
0.88055
0.88276
0.87706
0.88931
0.88918
0.91359
0.8932
0.8864
0.90607
0.87122
0.87937
0.87877
0.88741
0.87619
0.8769
0.90666
0.85833
0.87162
0.86772
0.89344
0.86582
0.88985
0.8762
0.85885
0.87661
0.87867
0.88973
0.89384
0.89036
0.88898
0.8959
0.88031
0.88293
0.89271
0.87904
0.89017
0.89042
0.9079
0.89485
0.90133
0.89083
0.90393
0.90913
0.89165
0.90716
0.87526
0.8984
0.90282
0.90591
0.90007
0.90651
0.88925
0.87954
0.88954
0.91088
0.89131
0.86879
0.88954
0.87137
0.89075
0.88354
0.87189
0.87727
0.87687
0.89721
0.89048
0.88
0.86827
0.885
0.86774
0.86812
0.87953
0.90377
0.89629
0.91208
0.87534
0.89717
0.88169
0.88617
0.90354
0.87799
0.87411
0.87301
0.89794
0.87139
0.88081
0.90406
0.87325
0.86822
0.87665
0.8592
0.87011
0.88577
0.89438
0.90582
0.88178
0.8802
0.89651
0.88802
0.90445
0.88333
0.89191
0.90473
0.88204
0.88783
0.88401
0.8652
0.90932
0.8923
0.88402
0.88753
0.88733
0.87203
0.91123
0.91286
0.90399
0.87802
0.88614
0.90602
0.88397
0.87868
0.87763
0.88035
0.88224
0.88143
0.8881
0.87973
0.89279
0.88608
0.88594
0.89235
0.88637
0.92238
0.88959
0.88705
0.89018
0.901
0.87727
0.88083
0.87835
0.90166
0.87174
0.86577
0.90444
0.89856
0.88183
0.87528
0.87639
0.88402
0.89326
0.88608
0.89247
0.89697
0.89795
0.87635
0.87344
0.88885
0.89051
0.88632
0.89524
0.87648
0.89039
0.89141
0.89138
0.88339
0.91688
0.88328
0.88335
0.88524
0.88667
0.90228
0.88665
0.8892
0.87898
0.90161
0.8816
0.90332
0.87644
0.90419
0.87989
0.89994
0.87684
0.89829
0.87955
0.88684
0.89226
0.86643
0.89053
0.87309
0.8805
0.88687
0.89458
0.88787
0.87378
0.8981
0.88682
0.88166
0.89621
0.87929
0.87507
0.88599
0.88697
0.87694
0.88782
0.88595
0.88279
0.89293
0.88234
0.89866
0.8853
0.88647
0.87258
0.90656
0.88268
0.89017
0.86693
0.88883
0.89481
0.88918
0.91049
0.90335
0.89132
0.88233
0.90511
0.8933
0.86957
0.88623
0.90853
0.86986
0.88284
0.86845
0.90031
0.89937
0.88612
0.86701
0.89489
0.88414
0.86421
0.88086
0.88932
0.88412
0.85861
0.90101
0.883
0.88942
0.89436
0.87765
0.89288
0.87276
0.90195
0.89186
0.89243
0.90191
0.88993
0.88902
0.88672
0.89132
0.8657
0.87568
0.89649
0.87492
0.90961
0.88592
0.88507
0.90764
0.8925
0.88149
0.89927
0.89357
0.90194
0.90785
0.87482
0.88463
0.88654
0.90955
0.86618
0.9005
0.88732
0.88538
0.89898
0.88457
0.86562
0.90727
0.88463
0.91263
0.91162
0.88185
0.90573
0.87684
0.88602
0.88485
0.86679
0.87713
0.88114
0.88459
0.9011
0.89679
0.88403
0.9055
0.87686
0.89138
0.88101
0.88174
0.89015
0.89215
0.87964
0.88439
0.89252
0.90381
0.89745
0.87933
0.88703
0.89128
0.88045
0.86837
0.88872
0.90953
0.89656
0.89592
0.87997
0.90663
0.88013
0.88915
0.88901
0.89455
0.88561
0.89267
0.90565
0.88077
0.89479
0.90364
0.87801
0.88681
0.89874
0.90947
0.88674
0.88109
0.8896
0.88956
0.86233
0.89794
0.87006
0.85131
0.8809
0.90413
0.87824
0.8955
0.91546
0.89349
0.88178
0.89613
0.88853
0.87289
0.90152
0.87809
0.89087
0.90345
0.88952
0.88437
0.89976
0.88752
0.89703
0.88476
0.89072
0.87546
0.86817
0.87621
0.88392
0.89327
0.87092
0.87675
0.88729
0.91063
0.8867
0.90571
0.89412
0.90689
0.88178
0.88028
0.89541
0.8892
0.88745
0.87903
0.90762
0.90651
0.91777
0.88129
0.90014
0.87283
0.9104
0.88914
0.87101
0.85432
0.8874
0.88257
0.88264
0.88899
0.89104
0.89415
0.87057
0.87823
0.88142
0.87217
0.88078
0.86969
0.89421
0.87656
0.87655
0.88442
0.86442
0.86691
0.87413
0.89313
0.87193
0.88143
0.87805
0.88226
0.8938
0.89257
0.89849
0.89434
0.90632
0.88114
0.90159
0.87855
0.88439
0.88236
0.87742
0.88894
0.88449
0.90158
0.89603
0.86583
0.89022
0.88942
0.90305
0.89559
0.87988
0.88553
0.90283
0.89625
0.87558
0.88532
0.8994
0.87873
0.89143
0.88838
0.896
0.88737
0.90989
0.90907
0.86588
0.9105
0.89811
0.8992
0.89018
0.87782
0.89512
0.87582
0.88293
0.88734
0.88274
0.87735
0.88566
0.90441
0.8877
0.88597
0.87774
0.89402
0.86941
0.88565
0.88132
0.8858
0.89507
0.89446
0.90693
0.89875
0.88678
0.88282
0.88272
0.88978
0.89226
0.90096
0.88128
0.88658
0.88742
0.88753
0.88909
0.88346
0.89128
0.87104
0.88258
0.90141
0.88273
0.87586
0.87253
0.8853
0.89118
0.89875
0.90037
0.87552
0.87593
0.89481
0.8861
0.89764
0.89071
0.89011
0.88359
0.89167
0.89195
0.89047
0.89019
0.88587
0.88099
0.89474
0.89754
0.8837
0.88582
0.88213
0.87486
0.90126
0.9078
0.90453
0.87679
0.87303
0.89632
0.90234
0.88239
0.87659
0.88732
0.88898
0.89935
0.90565
0.90198
0.89807
0.89478
0.88329
0.87911
0.89119
0.87816
0.89669
0.89387
0.88457
0.87871
0.89916
0.87763
0.85496
0.88853
0.89369
0.87439
0.90814
0.90602
0.86898
0.86928
0.89016
0.88881
0.8829
0.88642
0.87408
0.87822
0.8964
0.88385
0.89251
0.86634
0.87093
0.88847
0.87575
0.88998
0.87744
0.90992
0.89248
0.89019
0.89506
0.88466
0.89445
0.88854
0.90631
0.893
0.88977
0.8798
0.90056
0.90042
0.88704
0.8814