1	0	0
1	0.1	0
1	0.2	0
1	0.3	0
1	0.4	0
1	0.5	0
1	0.6	0
1	0.7	0
1	0.8	0
1	0.9	0
1	1	0
1	1.1	0
1	1.2	0
1	1.3	0
1	1.4	0
1	1.5	0
1	1.6	0
1	1.7	0
1	1.8	0
1	1.9	0
1	2	0
1	2.1	0
1	2.2	0
1	2.3	0
1	2.4	0
1	2.5	0
1	2.6	0
1	2.7	0
1	2.8	0
1	2.9	0
1	3	0
1	3.1	0
1	3.2	0
1	3.3	0
1	3.4	0
1	3.5	0
1	3.6	0
1	3.7	0
1	3.8	0
1	3.9	0
1	4	0
1	4.1	0
1	4.2	0
1	4.3	0
1	4.4	0
1	4.5	0
1	4.6	0
1	4.7	0
1	4.8	0
1	4.9	0
1	5	0
11	0	0.01
11	0.1	0.01
11	0.2	0.00936364
11	0.3	0.0109091
11	0.4	0.00981818
11	0.5	0.00981818
11	0.6	0.00854545
11	0.7	0.00863636
11	0.8	0.00863636
11	0.9	0.00845455
11	1	0.0115455
11	1.1	0.0114545
11	1.2	0.0114545
11	1.3	0.00927273
11	1.4	0.00918182
11	1.5	0.00918182
11	1.6	0.0120909
11	1.7	0.0102727
11	1.8	0.01
11	1.9	0.01
11	2	0.0102727
11	2.1	0.00972727
11	2.2	0.00972727
11	2.3	0.00918182
11	2.4	0.008
11	2.5	0.00890909
11	2.6	0.00890909
11	2.7	0.01
11	2.8	0.00990909
11	2.9	0.00990909
11	3	0.00890909
11	3.1	0.00909091
11	3.2	0.0102727
11	3.3	0.0102727
11	3.4	0.0101818
11	3.5	0.00972727
11	3.6	0.00890909
11	3.7	0.00890909
11	3.8	0.00945455
11	3.9	0.00872727
11	4	0.00872727
11	4.1	0.0110909
11	4.2	0.011
11	4.3	0.00936364
11	4.4	0.00936364
11	4.5	0.00781818
11	4.6	0.009
11	4.7	0.009
11	4.8	0.0112727
11	4.9	0.0109091
11	5	0.00863636
21	0	0.0510476
21	0.1	0.0508571
21	0.2	0.0504286
21	0.3	0.0504286
21	0.4	0.0505238
21	0.5	0.05
21	0.6	0.0508571
21	0.7	0.0508571
21	0.8	0.0510952
21	0.9	0.0504762
21	1	0.0510476
21	1.1	0.0510476
21	1.2	0.0504762
21	1.3	0.0511429
21	1.4	0.0511429
21	1.5	0.0513333
21	1.6	0.050619
21	1.7	0.0505714
21	1.8	0.0505714
21	1.9	0.0509524
21	2	0.0505714
21	2.1	0.0505714
21	2.2	0.0510476
21	2.3	0.0512857
21	2.4	0.0508095
21	2.5	0.0508095
21	2.6	0.0509048
21	2.7	0.0510952
21	2.8	0.0510952
21	2.9	0.0510476
21	3	0.0515238
21	3.1	0.0502381
21	3.2	0.0502381
21	3.3	0.0505238
21	3.4	0.051619
21	3.5	0.051619
21	3.6	0.0505238
21	3.7	0.0501429
21	3.8	0.0498571
21	3.9	0.0498571
21	4	0.05
21	4.1	0.0513333
21	4.2	0.0513333
21	4.3	0.0511429
21	4.4	0.0507143
21	4.5	0.0509048
21	4.6	0.0509048
21	4.7	0.0507619
21	4.8	0.0509524
21	4.9	0.0509524
21	5	0.0509524
31	0	0.0276774
31	0.1	0.0286452
31	0.2	0.0286452
31	0.3	0.0310645
31	0.4	0.0296774
31	0.5	0.0286452
31	0.6	0.0286452
31	0.7	0.0285484
31	0.8	0.0292258
31	0.9	0.0292258
31	1	0.029
31	1.1	0.0296129
31	1.2	0.0280645
31	1.3	0.0280645
31	1.4	0.0286129
31	1.5	0.0310968
31	1.6	0.0310968
31	1.7	0.0292258
31	1.8	0.0292581
31	1.9	0.0278065
31	2	0.0278065
31	2.1	0.0289677
31	2.2	0.0287742
31	2.3	0.0287742
31	2.4	0.0286774
31	2.5	0.0296129
31	2.6	0.0290968
31	2.7	0.0290968
31	2.8	0.028871
31	2.9	0.030871
31	3	0.030871
31	3.1	0.0297097
31	3.2	0.0302903
31	3.3	0.0280323
31	3.4	0.0280323
31	3.5	0.0288387
31	3.6	0.0303226
31	3.7	0.0270323
31	3.8	0.0270323
31	3.9	0.029129
31	4	0.0293226
31	4.1	0.0293226
31	4.2	0.0282581
31	4.3	0.0286774
31	4.4	0.0289032
31	4.5	0.0289032
31	4.6	0.0268065
31	4.7	0.0286129
31	4.8	0.0286129
31	4.9	0.0287419
31	5	0.0287097
41	0	0.0362683
41	0.1	0.0362683
41	0.2	0.0353171
41	0.3	0.0360244
41	0.4	0.0360244
41	0.5	0.0352195
41	0.6	0.0360976
41	0.7	0.0357317
41	0.8	0.0357317
41	0.9	0.0351707
41	1	0.0353902
41	1.1	0.0353902
41	1.2	0.0356829
41	1.3	0.0367561
41	1.4	0.0364878
41	1.5	0.0364878
41	1.6	0.0364878
41	1.7	0.0355366
41	1.8	0.0355122
41	1.9	0.0355122
41	2	0.0347317
41	2.1	0.035878
41	2.2	0.035878
41	2.3	0.0359268
41	2.4	0.0352439
41	2.5	0.035
41	2.6	0.035
41	2.7	0.0359268
41	2.8	0.036122
41	2.9	0.036122
41	3	0.0355122
41	3.1	0.0358049
41	3.2	0.035878
41	3.3	0.035878
41	3.4	0.0359512
41	3.5	0.0356585
41	3.6	0.0356585
41	3.7	0.0361463
41	3.8	0.0352195
41	3.9	0.035
41	4	0.035
41	4.1	0.0356585
41	4.2	0.0361707
41	4.3	0.0361707
41	4.4	0.0360488
41	4.5	0.0360976
41	4.6	0.0350976
41	4.7	0.0350976
41	4.8	0.0366585
41	4.9	0.037
41	5	0.0366585
51	0	0.0330784
51	0.1	0.032902
51	0.2	0.0327647
51	0.3	0.0327647
51	0.4	0.0317647
51	0.5	0.0331176
51	0.6	0.0330392
51	0.7	0.0330392
51	0.8	0.0341765
51	0.9	0.0335294
51	1	0.0335294
51	1.1	0.0333529
51	1.2	0.0327451
51	1.3	0.0341176
51	1.4	0.0341176
51	1.5	0.0335686
51	1.6	0.0337059
51	1.7	0.0337059
51	1.8	0.0332549
51	1.9	0.0335882
51	2	0.0325686
51	2.1	0.032549
51	2.2	0.0348627
51	2.3	0.0332745
51	2.4	0.0332745
51	2.5	0.0326275
51	2.6	0.0338039
51	2.7	0.0338039
51	2.8	0.0338039
51	2.9	0.0337451
51	3	0.033549
51	3.1	0.0339608
51	3.2	0.0339608
51	3.3	0.032549
51	3.4	0.0334118
51	3.5	0.0334118
51	3.6	0.0333922
51	3.7	0.0329608
51	3.8	0.0338627
51	3.9	0.0338627
51	4	0.0335686
51	4.1	0.0338235
51	4.2	0.0338235
51	4.3	0.0331373
51	4.4	0.0334314
51	4.5	0.0346667
51	4.6	0.0346667
51	4.7	0.0326275
51	4.8	0.0339608
51	4.9	0.0339608
51	5	0.0331765
61	0	0.0315246
61	0.1	0.031
61	0.2	0.031
61	0.3	0.0306066
61	0.4	0.0311475
61	0.5	0.0309508
61	0.6	0.0312459
61	0.7	0.0309508
61	0.8	0.0312295
61	0.9	0.0312295
61	1	0.031623
61	1.1	0.0318361
61	1.2	0.0308361
61	1.3	0.0308361
61	1.4	0.031
61	1.5	0.0314754
61	1.6	0.0314754
61	1.7	0.0297049
61	1.8	0.0321639
61	1.9	0.0310656
61	2	0.0310656
61	2.1	0.0314426
61	2.2	0.0302459
61	2.3	0.0302459
61	2.4	0.031459
61	2.5	0.0310656
61	2.6	0.0316557
61	2.7	0.0316557
61	2.8	0.0305902
61	2.9	0.0311475
61	3	0.0311475
61	3.1	0.0304098
61	3.2	0.0317705
61	3.3	0.0310328
61	3.4	0.0310328
61	3.5	0.0324262
61	3.6	0.0318689
61	3.7	0.030918
61	3.8	0.030918
61	3.9	0.031
61	4	0.0320656
61	4.1	0.0320656
61	4.2	0.0306885
61	4.3	0.0306066
61	4.4	0.0311311
61	4.5	0.0311311
61	4.6	0.031459
61	4.7	0.030918
61	4.8	0.030918
61	4.9	0.0310328
61	5	0.0308525
71	0	0.0297183
71	0.1	0.0297183
71	0.2	0.0299859
71	0.3	0.0287887
71	0.4	0.0287887
71	0.5	0.0301549
71	0.6	0.0280845
71	0.7	0.0300704
71	0.8	0.0300141
71	0.9	0.0297324
71	1	0.0291831
71	1.1	0.0291831
71	1.2	0.0295211
71	1.3	0.0292535
71	1.4	0.0295352
71	1.5	0.0295352
71	1.6	0.0290563
71	1.7	0.0280704
71	1.8	0.0287465
71	1.9	0.0287465
71	2	0.0295493
71	2.1	0.0288028
71	2.2	0.0288028
71	2.3	0.0281268
71	2.4	0.0290986
71	2.5	0.0290563
71	2.6	0.0290563
71	2.7	0.0298592
71	2.8	0.0287746
71	2.9	0.0287746
71	3	0.0289155
71	3.1	0.0289155
71	3.2	0.0288592
71	3.3	0.0288592
71	3.4	0.0286479
71	3.5	0.0283944
71	3.6	0.0283944
71	3.7	0.0293099
71	3.8	0.028
71	3.9	0.029338
71	4	0.029338
71	4.1	0.0297746
71	4.2	0.0281268
71	4.3	0.0282958
71	4.4	0.0282958
71	4.5	0.0284789
71	4.6	0.0290282
71	4.7	0.0290282
71	4.8	0.029169
71	4.9	0.0296479
71	5	0.0259437
81	0	0.0302469
81	0.1	0.0315926
81	0.2	0.0302963
81	0.3	0.0302963
81	0.4	0.0313333
81	0.5	0.0302963
81	0.6	0.0304198
81	0.7	0.0304198
81	0.8	0.0314198
81	0.9	0.0299383
81	1	0.0288272
81	1.1	0.0299753
81	1.2	0.0300247
81	1.3	0.030284
81	1.4	0.0282346
81	1.5	0.0289877
81	1.6	0.0281605
81	1.7	0.0282716
81	1.8	0.0282716
81	1.9	0.0269259
81	2	0.0276049
81	2.1	0.0276049
81	2.2	0.0275309
81	2.3	0.0270247
81	2.4	0.0283704
81	2.5	0.0283704
81	2.6	0.0278642
81	2.7	0.027284
81	2.8	0.027284
81	2.9	0.0279012
81	3	0.0276173
81	3.1	0.0286296
81	3.2	0.0273086
81	3.3	0.0270247
81	3.4	0.0254938
81	3.5	0.0238642
81	3.6	0.0247284
81	3.7	0.0241852
81	3.8	0.0246173
81	3.9	0.0246173
81	4	0.0260247
81	4.1	0.0254568
81	4.2	0.0247407
81	4.3	0.0247407
81	4.4	0.0244938
81	4.5	0.0246296
81	4.6	0.0246296
81	4.7	0.0245432
81	4.8	0.0239877
81	4.9	0.0244321
81	5	0.0244198
91	0	0.0299121
91	0.1	0.0293187
91	0.2	0.0287692
91	0.3	0.0282747
91	0.4	0.0276593
91	0.5	0.0280989
91	0.6	0.0280989
91	0.7	0.0287692
91	0.8	0.0286923
91	0.9	0.0286923
91	1	0.0285495
91	1.1	0.0293626
91	1.2	0.029011
91	1.3	0.029011
91	1.4	0.0283077
91	1.5	0.0282088
91	1.6	0.0286044
91	1.7	0.0286044
91	1.8	0.0278791
91	1.9	0.0270549
91	2	0.0270549
91	2.1	0.0278571
91	2.2	0.0287802
91	2.3	0.0281978
91	2.4	0.0278571
91	2.5	0.0281868
91	2.6	0.0271538
91	2.7	0.0271538
91	2.8	0.0282857
91	2.9	0.0283297
91	3	0.028
91	3.1	0.028
91	3.2	0.0275824
91	3.3	0.026978
91	3.4	0.026978
91	3.5	0.0280989
91	3.6	0.0276044
91	3.7	0.027956
91	3.8	0.027956
91	3.9	0.028011
91	4	0.027044
91	4.1	0.0270989
91	4.2	0.0270989
91	4.3	0.0273846
91	4.4	0.0268901
91	4.5	0.0268901
91	4.6	0.0281758
91	4.7	0.0269011
91	4.8	0.0271868
91	4.9	0.0271868
91	5	0.0274396
101	0	0.0305644
101	0.1	0.0305644
101	0.2	0.0294653
101	0.3	0.0281089
101	0.4	0.0294257
101	0.5	0.0294257
101	0.6	0.027099
101	0.7	0.0283267
101	0.8	0.0283267
101	0.9	0.0289208
101	1	0.0287228
101	1.1	0.0276931
101	1.2	0.0276931
101	1.3	0.028901
101	1.4	0.0283861
101	1.5	0.027505
101	1.6	0.027505
101	1.7	0.0265941
101	1.8	0.027495
101	1.9	0.027495
101	2	0.0288515
101	2.1	0.0279802
101	2.2	0.0271188
101	2.3	0.0271188
101	2.4	0.0275446
101	2.5	0.0260198
101	2.6	0.0260198
101	2.7	0.0261386
101	2.8	0.0272772
101	2.9	0.0257129
101	3	0.0257129
101	3.1	0.0250891
101	3.2	0.024802
101	3.3	0.024802
101	3.4	0.0249703
101	3.5	0.027396
101	3.6	0.0257426
101	3.7	0.0257426
101	3.8	0.0269109
101	3.9	0.0266238
101	4	0.0263465
101	4.1	0.0263465
101	4.2	0.0261287
101	4.3	0.0252574
101	4.4	0.0238119
101	4.5	0.0265941
101	4.6	0.0248614
101	4.7	0.0243366
101	4.8	0.0243366
101	4.9	0.0241485
101	5	0.0239901
111	0	0.0290901
111	0.1	0.0294324
111	0.2	0.0278468
111	0.3	0.0277928
111	0.4	0.0275856
111	0.5	0.0276126
111	0.6	0.0281441
111	0.7	0.0281441
111	0.8	0.0276396
111	0.9	0.0284865
111	1	0.0288919
111	1.1	0.0288919
111	1.2	0.0272883
111	1.3	0.0273333
111	1.4	0.0270541
111	1.5	0.0268739
111	1.6	0.0286036
111	1.7	0.0276667
111	1.8	0.0276667
111	1.9	0.0279189
111	2	0.0272162
111	2.1	0.026991
111	2.2	0.026991
111	2.3	0.0264685
111	2.4	0.0272072
111	2.5	0.0268829
111	2.6	0.0259189
111	2.7	0.0255586
111	2.8	0.0245495
111	2.9	0.0245495
111	3	0.0260811
111	3.1	0.0257117
111	3.2	0.0257117
111	3.3	0.0258378
111	3.4	0.0244955
111	3.5	0.0255315
111	3.6	0.0255315
111	3.7	0.0248829
111	3.8	0.0248468
111	3.9	0.0253514
111	4	0.0253514
111	4.1	0.0254775
111	4.2	0.0255495
111	4.3	0.0255495
111	4.4	0.0235315
111	4.5	0.0244144
111	4.6	0.0254505
111	4.7	0.0252973
111	4.8	0.0230901
111	4.9	0.0222342
111	5	0.0222342
121	0	0.0277273
121	0.1	0.0275207
121	0.2	0.0283636
121	0.3	0.0283636
121	0.4	0.0281983
121	0.5	0.0276777
121	0.6	0.029281
121	0.7	0.0292231
121	0.8	0.0279669
121	0.9	0.0278182
121	1	0.0278182
121	1.1	0.0292231
121	1.2	0.0266612
121	1.3	0.0266446
121	1.4	0.0266446
121	1.5	0.0279421
121	1.6	0.0275289
121	1.7	0.0275289
121	1.8	0.0274959
121	1.9	0.0266198
121	2	0.0270496
121	2.1	0.0262975
121	2.2	0.0258926
121	2.3	0.0265207
121	2.4	0.0265207
121	2.5	0.0261818
121	2.6	0.026
121	2.7	0.0270248
121	2.8	0.0258678
121	2.9	0.0254711
121	3	0.0252066
121	3.1	0.0262231
121	3.2	0.0262231
121	3.3	0.026
121	3.4	0.0250992
121	3.5	0.0247934
121	3.6	0.0241818
121	3.7	0.0249091
121	3.8	0.0245372
121	3.9	0.0245372
121	4	0.0251983
121	4.1	0.0252066
121	4.2	0.0252066
121	4.3	0.0252149
121	4.4	0.0240248
121	4.5	0.0239091
121	4.6	0.0237521
121	4.7	0.0244793
121	4.8	0.023595
121	4.9	0.0239008
121	5	0.0231074
131	0	0.0287405
131	0.1	0.0283817
131	0.2	0.0283817
131	0.3	0.0282748
131	0.4	0.0273588
131	0.5	0.0273817
131	0.6	0.0273817
131	0.7	0.0270229
131	0.8	0.029145
131	0.9	0.029145
131	1	0.027084
131	1.1	0.0272443
131	1.2	0.0271832
131	1.3	0.0265191
131	1.4	0.0259771
131	1.5	0.0274504
131	1.6	0.0263893
131	1.7	0.0263893
131	1.8	0.0271603
131	1.9	0.0271069
131	2	0.0271069
131	2.1	0.028313
131	2.2	0.0254809
131	2.3	0.0255496
131	2.4	0.0255496
131	2.5	0.0256107
131	2.6	0.0260458
131	2.7	0.0253969
131	2.8	0.0255573
131	2.9	0.0256031
131	3	0.0265038
131	3.1	0.0265038
131	3.2	0.0263893
131	3.3	0.0259466
131	3.4	0.0259466
131	3.5	0.026771
131	3.6	0.0244809
131	3.7	0.0257099
131	3.8	0.0257099
131	3.9	0.0258702
131	4	0.0257252
131	4.1	0.0252595
131	4.2	0.0252595
131	4.3	0.0241221
131	4.4	0.0261069
131	4.5	0.0252214
131	4.6	0.0243511
131	4.7	0.0242443
131	4.8	0.0249313
131	4.9	0.0249313
131	5	0.024626
141	0	0.0280071
141	0.1	0.0277447
141	0.2	0.0274823
141	0.3	0.0273191
141	0.4	0.0287447
141	0.5	0.0287447
141	0.6	0.0275035
141	0.7	0.0269716
141	0.8	0.0273972
141	0.9	0.0273972
141	1	0.0271206
141	1.1	0.0270142
141	1.2	0.0270142
141	1.3	0.0262411
141	1.4	0.0262695
141	1.5	0.0270922
141	1.6	0.0270922
141	1.7	0.0286738
141	1.8	0.0268723
141	1.9	0.0268723
141	2	0.0272482
141	2.1	0.0262979
141	2.2	0.0263475
141	2.3	0.0263475
141	2.4	0.0251915
141	2.5	0.0263972
141	2.6	0.0268298
141	2.7	0.0267943
141	2.8	0.0257872
141	2.9	0.0255532
141	3	0.0255532
141	3.1	0.0257021
141	3.2	0.0249858
141	3.3	0.0254823
141	3.4	0.0254894
141	3.5	0.0247872
141	3.6	0.0255035
141	3.7	0.0254184
141	3.8	0.0245035
141	3.9	0.0246312
141	4	0.0251348
141	4.1	0.0251348
141	4.2	0.0249787
141	4.3	0.0255745
141	4.4	0.025383
141	4.5	0.025383
141	4.6	0.0243333
141	4.7	0.0248085
141	4.8	0.0238227
141	4.9	0.0238865
141	5	0.0243759
151	0	0.0297682
151	0.1	0.0295232
151	0.2	0.0281523
151	0.3	0.0270662
151	0.4	0.0264768
151	0.5	0.0260662
151	0.6	0.0268344
151	0.7	0.0265232
151	0.8	0.0265232
151	0.9	0.0263377
151	1	0.0258742
151	1.1	0.0269338
151	1.2	0.0269338
151	1.3	0.0264636
151	1.4	0.0270795
151	1.5	0.0270596
151	1.6	0.0270331
151	1.7	0.0260927
151	1.8	0.0269272
151	1.9	0.0269272
151	2	0.0267351
151	2.1	0.0262119
151	2.2	0.0262119
151	2.3	0.0261192
151	2.4	0.0258477
151	2.5	0.0277881
151	2.6	0.027245
151	2.7	0.025649
151	2.8	0.0248609
151	2.9	0.0253576
151	3	0.0253576
151	3.1	0.0254437
151	3.2	0.0253907
151	3.3	0.0253907
151	3.4	0.0254172
151	3.5	0.0254172
151	3.6	0.0249868
151	3.7	0.0249868
151	3.8	0.0258079
151	3.9	0.0243775
151	4	0.0243775
151	4.1	0.0253775
151	4.2	0.0249603
151	4.3	0.0238609
151	4.4	0.0238411
151	4.5	0.0258146
151	4.6	0.0256821
151	4.7	0.0256954
151	4.8	0.0250397
151	4.9	0.0241523
151	5	0.0240464
161	0	0.0269938
161	0.1	0.0278137
161	0.2	0.0268075
161	0.3	0.0274348
161	0.4	0.0274348
161	0.5	0.0270062
161	0.6	0.026677
161	0.7	0.026677
161	0.8	0.0267143
161	0.9	0.0277702
161	1	0.0277702
161	1.1	0.0277702
161	1.2	0.0272609
161	1.3	0.0269876
161	1.4	0.0267081
161	1.5	0.0261925
161	1.6	0.0265714
161	1.7	0.0274286
161	1.8	0.0274286
161	1.9	0.0256398
161	2	0.0260621
161	2.1	0.026354
161	2.2	0.026354
161	2.3	0.0248944
161	2.4	0.0254534
161	2.5	0.0254534
161	2.6	0.0253168
161	2.7	0.0246522
161	2.8	0.0257826
161	2.9	0.0257826
161	3	0.0260745
161	3.1	0.0247453
161	3.2	0.0262112
161	3.3	0.0261366
161	3.4	0.0255963
161	3.5	0.026646
161	3.6	0.026646
161	3.7	0.0251677
161	3.8	0.0243665
161	3.9	0.0251429
161	4	0.0251429
161	4.1	0.0243416
161	4.2	0.0248199
161	4.3	0.0245528
161	4.4	0.0248447
161	4.5	0.0244845
161	4.6	0.0246957
161	4.7	0.0245776
161	4.8	0.0236522
161	4.9	0.0239441
161	5	0.0249193
171	0	0.0259298
171	0.1	0.0276667
171	0.2	0.0271871
171	0.3	0.0271871
171	0.4	0.0279825
171	0.5	0.027345
171	0.6	0.0274386
171	0.7	0.0274386
171	0.8	0.0282573
171	0.9	0.0271813
171	1	0.0271813
171	1.1	0.0273158
171	1.2	0.0277135
171	1.3	0.0271754
171	1.4	0.0271754
171	1.5	0.0276901
171	1.6	0.026386
171	1.7	0.0270702
171	1.8	0.0270702
171	1.9	0.0266959
171	2	0.0268246
171	2.1	0.0268246
171	2.2	0.0252281
171	2.3	0.0258713
171	2.4	0.0256667
171	2.5	0.0256667
171	2.6	0.0263158
171	2.7	0.0265789
171	2.8	0.0265789
171	2.9	0.0259766
171	3	0.0269474
171	3.1	0.0259883
171	3.2	0.0255088
171	3.3	0.0237836
171	3.4	0.0252632
171	3.5	0.0252398
171	3.6	0.0252398
171	3.7	0.0245906
171	3.8	0.0245731
171	3.9	0.0245556
171	4	0.0253509
171	4.1	0.0248129
171	4.2	0.024807
171	4.3	0.0243918
171	4.4	0.0237251
171	4.5	0.0245731
171	4.6	0.0248713
171	4.7	0.0256725
171	4.8	0.032848
171	4.9	0.0336433
171	5	0.0300409
181	0	0.0278177
181	0.1	0.0291547
181	0.2	0.0269227
181	0.3	0.0269227
181	0.4	0.0268453
181	0.5	0.0291215
181	0.6	0.0291215
181	0.7	0.028558
181	0.8	0.0257072
181	0.9	0.0276851
181	1	0.0276851
181	1.1	0.0269779
181	1.2	0.0269558
181	1.3	0.027105
181	1.4	0.027337
181	1.5	0.0268398
181	1.6	0.027547
181	1.7	0.0275359
181	1.8	0.0263481
181	1.9	0.0264254
181	2	0.0263591
181	2.1	0.0263315
181	2.2	0.0274144
181	2.3	0.0261215
181	2.4	0.0261215
181	2.5	0.0258564
181	2.6	0.0250939
181	2.7	0.0264751
181	2.8	0.0264751
181	2.9	0.0247127
181	3	0.0262983
181	3.1	0.0251547
181	3.2	0.0248011
181	3.3	0.0250829
181	3.4	0.025337
181	3.5	0.025337
181	3.6	0.0256354
181	3.7	0.0259558
181	3.8	0.0240552
181	3.9	0.0236133
181	4	0.0236851
181	4.1	0.023674
181	4.2	0.0236519
181	4.3	0.0250829
181	4.4	0.0251878
181	4.5	0.0302486
181	4.6	0.0317845
181	4.7	0.0325801
181	4.8	0.0392818
181	4.9	0.0434862
181	5	0.0477238
191	0	0.027534
191	0.1	0.0276283
191	0.2	0.0277801
191	0.3	0.028445
191	0.4	0.0261361
191	0.5	0.026356
191	0.6	0.026356
191	0.7	0.0264712
191	0.8	0.0265707
191	0.9	0.0266806
191	1	0.0272304
191	1.1	0.0265812
191	1.2	0.0270681
191	1.3	0.0269267
191	1.4	0.0278482
191	1.5	0.0278743
191	1.6	0.0264136
191	1.7	0.0261361
191	1.8	0.0260733
191	1.9	0.0258115
191	2	0.0258115
191	2.1	0.0257749
191	2.2	0.0262094
191	2.3	0.0257382
191	2.4	0.0257382
191	2.5	0.0254607
191	2.6	0.026534
191	2.7	0.026534
191	2.8	0.0257277
191	2.9	0.0248796
191	3	0.0252618
191	3.1	0.0252618
191	3.2	0.0252827
191	3.3	0.0249948
191	3.4	0.025267
191	3.5	0.0252618
191	3.6	0.0249372
191	3.7	0.0253194
191	3.8	0.0251361
191	3.9	0.0245183
191	4	0.025178
191	4.1	0.0257173
191	4.2	0.0301414
191	4.3	0.0317539
191	4.4	0.0306911
191	4.5	0.0414869
191	4.6	0.0467173
191	4.7	0.0483822
191	4.8	0.050733
191	4.9	0.0532251
191	5	0.056801
201	0	0.0270995
201	0.1	0.0275174
201	0.2	0.0275174
201	0.3	0.0289055
201	0.4	0.0280796
201	0.5	0.0280746
201	0.6	0.0272935
201	0.7	0.027607
201	0.8	0.0277015
201	0.9	0.027607
201	1	0.0277363
201	1.1	0.0269751
201	1.2	0.0268905
201	1.3	0.0268109
201	1.4	0.0263731
201	1.5	0.0269602
201	1.6	0.0265572
201	1.7	0.0264229
201	1.8	0.0267164
201	1.9	0.0263632
201	2	0.0263781
201	2.1	0.0261493
201	2.2	0.0267015
201	2.3	0.0267015
201	2.4	0.0262786
201	2.5	0.0267114
201	2.6	0.0248955
201	2.7	0.0248955
201	2.8	0.0259104
201	2.9	0.0260398
201	3	0.0243333
201	3.1	0.0243333
201	3.2	0.0258806
201	3.3	0.0265373
201	3.4	0.0264129
201	3.5	0.0248806
201	3.6	0.0246866
201	3.7	0.0246517
201	3.8	0.0240547
201	3.9	0.0256169
201	4	0.0310348
201	4.1	0.0289602
201	4.2	0.0365373
201	4.3	0.0429005
201	4.4	0.0458905
201	4.5	0.0497114
201	4.6	0.0522139
201	4.7	0.0521493
201	4.8	0.0533731
201	4.9	0.0545473
201	5	0.0569801
211	0	0.0274171
211	0.1	0.0274171
211	0.2	0.0264882
211	0.3	0.028109
211	0.4	0.0274834
211	0.5	0.0274834
211	0.6	0.0262749
211	0.7	0.0280616
211	0.8	0.0273744
211	0.9	0.0273602
211	1	0.027564
211	1.1	0.0268009
211	1.2	0.026436
211	1.3	0.0259763
211	1.4	0.0259621
211	1.5	0.0272227
211	1.6	0.0271517
211	1.7	0.0264645
211	1.8	0.027128
211	1.9	0.027109
211	2	0.0251185
211	2.1	0.0264834
211	2.2	0.0251754
211	2.3	0.0251659
211	2.4	0.025564
211	2.5	0.0262133
211	2.6	0.0246493
211	2.7	0.0246493
211	2.8	0.0262227
211	2.9	0.0266872
211	3	0.0266872
211	3.1	0.0259289
211	3.2	0.025981
211	3.3	0.0250806
211	3.4	0.0252038
211	3.5	0.0239052
211	3.6	0.0248104
211	3.7	0.0252464
211	3.8	0.0275261
211	3.9	0.0295261
211	4	0.0380806
211	4.1	0.0434171
211	4.2	0.0454171
211	4.3	0.0489479
211	4.4	0.0490095
211	4.5	0.0500995
211	4.6	0.0507678
211	4.7	0.0520284
211	4.8	0.0521991
211	4.9	0.0534834
211	5	0.050455
221	0	0.027181
221	0.1	0.027181
221	0.2	0.0271538
221	0.3	0.0269774
221	0.4	0.0267964
221	0.5	0.0267964
221	0.6	0.0276516
221	0.7	0.0270633
221	0.8	0.0270498
221	0.9	0.0275837
221	1	0.027905
221	1.1	0.0263122
221	1.2	0.0263167
221	1.3	0.0270181
221	1.4	0.0277511
221	1.5	0.0277511
221	1.6	0.027362
221	1.7	0.0264299
221	1.8	0.0272805
221	1.9	0.0270679
221	2	0.0257692
221	2.1	0.0254525
221	2.2	0.0262805
221	2.3	0.0262805
221	2.4	0.0252217
221	2.5	0.0258281
221	2.6	0.0258281
221	2.7	0.0263258
221	2.8	0.0256742
221	2.9	0.024819
221	3	0.024819
221	3.1	0.0259186
221	3.2	0.0265204
221	3.3	0.0263258
221	3.4	0.0252262
221	3.5	0.0264072
221	3.6	0.0281946
221	3.7	0.0305611
221	3.8	0.0390588
221	3.9	0.0425611
221	4	0.0460407
221	4.1	0.0478145
221	4.2	0.0485747
221	4.3	0.0485928
221	4.4	0.0489095
221	4.5	0.0505837
221	4.6	0.050905
221	4.7	0.0499095
221	4.8	0.0499638
221	4.9	0.0513756
221	5	0.0510226
231	0	0.0275628
231	0.1	0.0277489
231	0.2	0.0276926
231	0.3	0.0280433
231	0.4	0.0280433
231	0.5	0.028039
231	0.6	0.0276104
231	0.7	0.0270693
231	0.8	0.0269177
231	0.9	0.0270952
231	1	0.0265887
231	1.1	0.026368
231	1.2	0.02629
231	1.3	0.02671
231	1.4	0.0255108
231	1.5	0.0255108
231	1.6	0.0259567
231	1.7	0.026619
231	1.8	0.026645
231	1.9	0.0266234
231	2	0.0257706
231	2.1	0.0262165
231	2.2	0.0262165
231	2.3	0.0266926
231	2.4	0.0252684
231	2.5	0.0254242
231	2.6	0.0251385
231	2.7	0.0251948
231	2.8	0.0254069
231	2.9	0.0254069
231	3	0.0258745
231	3.1	0.025381
231	3.2	0.0252381
231	3.3	0.0251169
231	3.4	0.028987
231	3.5	0.0306667
231	3.6	0.0363333
231	3.7	0.0414502
231	3.8	0.0451212
231	3.9	0.0459437
231	4	0.0468874
231	4.1	0.0475281
231	4.2	0.0462597
231	4.3	0.0481602
231	4.4	0.0481905
231	4.5	0.0481602
231	4.6	0.0482251
231	4.7	0.0479048
231	4.8	0.0479048
231	4.9	0.0478442
231	5	0.049026
241	0	0.0284772
241	0.1	0.0274398
241	0.2	0.028444
241	0.3	0.0277178
241	0.4	0.0277178
241	0.5	0.0273942
241	0.6	0.0271618
241	0.7	0.0272282
241	0.8	0.0273693
241	0.9	0.0265477
241	1	0.0263859
241	1.1	0.0263859
241	1.2	0.0265436
241	1.3	0.0288589
241	1.4	0.0266763
241	1.5	0.0266556
241	1.6	0.0264938
241	1.7	0.0261577
241	1.8	0.0261618
241	1.9	0.0258672
241	2	0.0272573
241	2.1	0.0265021
241	2.2	0.0265021
241	2.3	0.0252116
241	2.4	0.0269461
241	2.5	0.0251784
241	2.6	0.0251037
241	2.7	0.0251867
241	2.8	0.0263237
241	2.9	0.0263237
241	3	0.0247759
241	3.1	0.0247718
241	3.2	0.0274108
241	3.3	0.0286805
241	3.4	0.0361701
241	3.5	0.0398797
241	3.6	0.042751
241	3.7	0.0446598
241	3.8	0.0457801
241	3.9	0.0464149
241	4	0.0465809
241	4.1	0.0474855
241	4.2	0.0472448
241	4.3	0.046751
241	4.4	0.046751
241	4.5	0.0452905
241	4.6	0.046166
241	4.7	0.0461784
241	4.8	0.0459502
241	4.9	0.0466805
241	5	0.0442282
251	0	0.0286255
251	0.1	0.027992
251	0.2	0.0285418
251	0.3	0.0275857
251	0.4	0.0275857
251	0.5	0.0259243
251	0.6	0.0278406
251	0.7	0.0276414
251	0.8	0.0275378
251	0.9	0.0273665
251	1	0.0262271
251	1.1	0.0262271
251	1.2	0.0275339
251	1.3	0.0272072
251	1.4	0.0271673
251	1.5	0.0267649
251	1.6	0.0264183
251	1.7	0.025749
251	1.8	0.025745
251	1.9	0.0258486
251	2	0.0276375
251	2.1	0.0266215
251	2.2	0.0266175
251	2.3	0.0271195
251	2.4	0.0254701
251	2.5	0.025494
251	2.6	0.0257888
251	2.7	0.0266853
251	2.8	0.0260996
251	2.9	0.0251554
251	3	0.024988
251	3.1	0.0251594
251	3.2	0.0323665
251	3.3	0.0380438
251	3.4	0.0411873
251	3.5	0.0395936
251	3.6	0.0402988
251	3.7	0.0438406
251	3.8	0.0455817
251	3.9	0.0433745
251	4	0.0434382
251	4.1	0.045239
251	4.2	0.0449761
251	4.3	0.0449761
251	4.4	0.0442829
251	4.5	0.0450956
251	4.6	0.0455458
251	4.7	0.0455458
251	4.8	0.0429801
251	4.9	0.0426056
251	5	0.0444263
261	0	0.0288008
261	0.1	0.0285172
261	0.2	0.0277318
261	0.3	0.0275479
261	0.4	0.0289502
261	0.5	0.0285556
261	0.6	0.0278812
261	0.7	0.0278429
261	0.8	0.0281533
261	0.9	0.0271992
261	1	0.0283755
261	1.1	0.0283257
261	1.2	0.0268084
261	1.3	0.0262069
261	1.4	0.0262069
261	1.5	0.0257701
261	1.6	0.026249
261	1.7	0.0264943
261	1.8	0.0262222
261	1.9	0.0259617
261	2	0.0268812
261	2.1	0.028272
261	2.2	0.0281916
261	2.3	0.0258314
261	2.4	0.0253985
261	2.5	0.0253831
261	2.6	0.0275594
261	2.7	0.0255977
261	2.8	0.0236092
261	2.9	0.0265939
261	3	0.0296628
261	3.1	0.0354406
261	3.2	0.0392567
261	3.3	0.0406054
261	3.4	0.0407663
261	3.5	0.0421111
261	3.6	0.0423065
261	3.7	0.0409234
261	3.8	0.0424444
261	3.9	0.0404943
261	4	0.0404943
261	4.1	0.0425824
261	4.2	0.0411686
261	4.3	0.0411686
261	4.4	0.0413372
261	4.5	0.0417548
261	4.6	0.0425096
261	4.7	0.0425096
261	4.8	0.0415785
261	4.9	0.0417203
261	5	0.0423487
271	0	0.0286236
271	0.1	0.0290627
271	0.2	0.029203
271	0.3	0.0292583
271	0.4	0.0269077
271	0.5	0.0279299
271	0.6	0.0273506
271	0.7	0.0273506
271	0.8	0.0289705
271	0.9	0.0290517
271	1	0.0290517
271	1.1	0.0269889
271	1.2	0.0271402
271	1.3	0.0267491
271	1.4	0.0267491
271	1.5	0.0271218
271	1.6	0.0270554
271	1.7	0.027524
271	1.8	0.0269852
271	1.9	0.0269077
271	2	0.0263026
271	2.1	0.0263026
271	2.2	0.027155
271	2.3	0.0257011
271	2.4	0.0266605
271	2.5	0.0266125
271	2.6	0.0250849
271	2.7	0.025679
271	2.8	0.0252731
271	2.9	0.0320923
271	3	0.0376015
271	3.1	0.0382804
271	3.2	0.0391882
271	3.3	0.0401513
271	3.4	0.0395572
271	3.5	0.0407417
271	3.6	0.0407638
271	3.7	0.0416937
271	3.8	0.0409483
271	3.9	0.0409483
271	4	0.0403432
271	4.1	0.0395129
271	4.2	0.0405461
271	4.3	0.0405461
271	4.4	0.0405314
271	4.5	0.0409631
271	4.6	0.042524
271	4.7	0.042524
271	4.8	0.0404317
271	4.9	0.0419815
271	5	0.0419815
281	0	0.0278114
281	0.1	0.0275907
281	0.2	0.0281068
281	0.3	0.0281068
281	0.4	0.0281459
281	0.5	0.0288612
281	0.6	0.0274448
281	0.7	0.027274
281	0.8	0.02821
281	0.9	0.0275409
281	1	0.0275409
281	1.1	0.026879
281	1.2	0.0269644
281	1.3	0.026758
281	1.4	0.0267509
281	1.5	0.0269573
281	1.6	0.0271388
281	1.7	0.0268043
281	1.8	0.0260996
281	1.9	0.0261993
281	2	0.0268683
281	2.1	0.0268683
281	2.2	0.0262171
281	2.3	0.0277616
281	2.4	0.0261103
281	2.5	0.024573
281	2.6	0.0239609
281	2.7	0.0262313
281	2.8	0.0332171
281	2.9	0.0348007
281	3	0.038306
281	3.1	0.0380996
281	3.2	0.038548
281	3.3	0.0388612
281	3.4	0.0392206
281	3.5	0.0372918
281	3.6	0.0372918
281	3.7	0.0398007
281	3.8	0.0395623
281	3.9	0.0395623
281	4	0.0388897
281	4.1	0.0382135
281	4.2	0.0396975
281	4.3	0.0396975
281	4.4	0.04121
281	4.5	0.0399786
281	4.6	0.0399786
281	4.7	0.0379466
281	4.8	0.0389786
281	4.9	0.0397829
281	5	0.0397829
291	0	0.0274708
291	0.1	0.0278797
291	0.2	0.0289038
291	0.3	0.0288694
291	0.4	0.0285326
291	0.5	0.0276598
291	0.6	0.0275017
291	0.7	0.0277079
291	0.8	0.0274708
291	0.9	0.0261409
291	1	0.0261409
291	1.1	0.0265464
291	1.2	0.0283574
291	1.3	0.0264983
291	1.4	0.0264467
291	1.5	0.0266907
291	1.6	0.0261306
291	1.7	0.0258625
291	1.8	0.0269931
291	1.9	0.0265876
291	2	0.0259038
291	2.1	0.0259038
291	2.2	0.0272749
291	2.3	0.0256495
291	2.4	0.0239485
291	2.5	0.0238935
291	2.6	0.0282474
291	2.7	0.0336873
291	2.8	0.0362577
291	2.9	0.0376426
291	3	0.0371306
291	3.1	0.0385464
291	3.2	0.0386942
291	3.3	0.0382199
291	3.4	0.0384089
291	3.5	0.0384089
291	3.6	0.0389416
291	3.7	0.0387113
291	3.8	0.0384708
291	3.9	0.0384708
291	4	0.0373608
291	4.1	0.0373196
291	4.2	0.0369863
291	4.3	0.0369863
291	4.4	0.0376289
291	4.5	0.0384364
291	4.6	0.0384364
291	4.7	0.0381821
291	4.8	0.0374605
291	4.9	0.0382337
291	5	0.0382337
301	0	0.0275947
301	0.1	0.0288571
301	0.2	0.0287475
301	0.3	0.0282326
301	0.4	0.0287076
301	0.5	0.0283455
301	0.6	0.0282326
301	0.7	0.0280133
301	0.8	0.0282824
301	0.9	0.0266645
301	1	0.0266645
301	1.1	0.0266877
301	1.2	0.0279468
301	1.3	0.028
301	1.4	0.0264585
301	1.5	0.0269967
301	1.6	0.0276512
301	1.7	0.0275648
301	1.8	0.027103
301	1.9	0.0275548
301	2	0.0277874
301	2.1	0.0277674
301	2.2	0.0259302
301	2.3	0.02399
301	2.4	0.0205316
301	2.5	0.0289037
301	2.6	0.0335415
301	2.7	0.0363256
301	2.8	0.0369502
301	2.9	0.0361262
301	3	0.035691
301	3.1	0.0353854
301	3.2	0.0354219
301	3.3	0.036113
301	3.4	0.0373488
301	3.5	0.0373488
301	3.6	0.0363754
301	3.7	0.0360498
301	3.8	0.036804
301	3.9	0.036804
301	4	0.038505
301	4.1	0.0372425
301	4.2	0.0372425
301	4.3	0.0377442
301	4.4	0.0361229
301	4.5	0.0362226
301	4.6	0.0362226
301	4.7	0.0376977
301	4.8	0.0374917
301	4.9	0.0376279
301	5	0.0376279
311	0	0.027672
311	0.1	0.0278875
311	0.2	0.0277846
311	0.3	0.028299
311	0.4	0.0278167
311	0.5	0.0285048
311	0.6	0.0283923
311	0.7	0.0269807
311	0.8	0.027299
311	0.9	0.0268135
311	1	0.0268103
311	1.1	0.0288232
311	1.2	0.0269871
311	1.3	0.0269775
311	1.4	0.0268682
311	1.5	0.0274309
311	1.6	0.0264341
311	1.7	0.026418
311	1.8	0.0272444
311	1.9	0.026254
311	2	0.0258971
311	2.1	0.0253698
311	2.2	0.0231833
311	2.3	0.0214759
311	2.4	0.0281479
311	2.5	0.0348489
311	2.6	0.0355563
311	2.7	0.0338424
311	2.8	0.0339453
311	2.9	0.0362251
311	3	0.0371865
311	3.1	0.0361447
311	3.2	0.0361608
311	3.3	0.0366302
311	3.4	0.035492
311	3.5	0.035492
311	3.6	0.0363537
311	3.7	0.0376559
311	3.8	0.0361383
311	3.9	0.0360997
311	4	0.0356881
311	4.1	0.0361704
311	4.2	0.0361704
311	4.3	0.035955
311	4.4	0.0352669
311	4.5	0.034672
311	4.6	0.034672
311	4.7	0.0361897
311	4.8	0.0352122
311	4.9	0.0370482
311	5	0.0370482
321	0	0.0280249
321	0.1	0.0281869
321	0.2	0.0281402
321	0.3	0.0280405
321	0.4	0.0279844
321	0.5	0.0279844
321	0.6	0.0278474
321	0.7	0.0282617
321	0.8	0.0277134
321	0.9	0.027648
321	1	0.0287944
321	1.1	0.0266729
321	1.2	0.0287695
321	1.3	0.0287009
321	1.4	0.0268224
321	1.5	0.0272118
321	1.6	0.0274517
321	1.7	0.0273769
321	1.8	0.0263707
321	1.9	0.0265327
321	2	0.0262492
321	2.1	0.0240872
321	2.2	0.0221526
321	2.3	0.0292025
321	2.4	0.0331121
321	2.5	0.0340623
321	2.6	0.0333302
321	2.7	0.0331495
321	2.8	0.0331526
321	2.9	0.0342928
321	3	0.0335265
321	3.1	0.0335265
321	3.2	0.0346947
321	3.3	0.0349502
321	3.4	0.0333614
321	3.5	0.0333614
321	3.6	0.0345265
321	3.7	0.0341215
321	3.8	0.0345358
321	3.9	0.0368754
321	4	0.0363863
321	4.1	0.0353988
321	4.2	0.0353988
321	4.3	0.034676
321	4.4	0.0362617
321	4.5	0.0349751
321	4.6	0.0349751
321	4.7	0.0346822
321	4.8	0.0355483
321	4.9	0.0355483
321	5	0.0335732
331	0	0.0281178
331	0.1	0.0281027
331	0.2	0.0280937
331	0.3	0.0294683
331	0.4	0.0278489
331	0.5	0.0286405
331	0.6	0.0284924
331	0.7	0.0279063
331	0.8	0.0288036
331	0.9	0.0284894
331	1	0.0276163
331	1.1	0.028139
331	1.2	0.0268157
331	1.3	0.0266828
331	1.4	0.0271692
331	1.5	0.0264562
331	1.6	0.0265136
331	1.7	0.0263897
331	1.8	0.0263474
331	1.9	0.0253927
331	2	0.0230906
331	2.1	0.0231994
331	2.2	0.0274955
331	2.3	0.0313867
331	2.4	0.0322749
331	2.5	0.0322266
331	2.6	0.0323112
331	2.7	0.032432
331	2.8	0.0328731
331	2.9	0.0323082
331	3	0.0342991
331	3.1	0.0343172
331	3.2	0.0327281
331	3.3	0.0341873
331	3.4	0.0333444
331	3.5	0.0333444
331	3.6	0.0331511
331	3.7	0.0319547
331	3.8	0.0322175
331	3.9	0.0346254
331	4	0.0346918
331	4.1	0.0343595
331	4.2	0.0343595
331	4.3	0.0336193
331	4.4	0.0346556
331	4.5	0.0348218
331	4.6	0.0348218
331	4.7	0.0339668
331	4.8	0.0338882
331	4.9	0.0338882
331	5	0.033719
341	0	0.0275015
341	0.1	0.028217
341	0.2	0.0282434
341	0.3	0.0291026
341	0.4	0.0299384
341	0.5	0.0288504
341	0.6	0.0284487
341	0.7	0.0284194
341	0.8	0.027217
341	0.9	0.0269853
341	1	0.0282639
341	1.1	0.0287243
341	1.2	0.0274282
341	1.3	0.0275073
341	1.4	0.0275103
341	1.5	0.0269443
341	1.6	0.027651
341	1.7	0.0276833
341	1.8	0.0264721
341	1.9	0.0247331
341	2	0.0200264
341	2.1	0.0275396
341	2.2	0.0306657
341	2.3	0.0323724
341	2.4	0.032566
341	2.5	0.0314106
341	2.6	0.0311877
341	2.7	0.0309032
341	2.8	0.0309032
341	2.9	0.0310264
341	3	0.0327331
341	3.1	0.0327859
341	3.2	0.0331525
341	3.3	0.0315777
341	3.4	0.0312933
341	3.5	0.0312933
341	3.6	0.0323079
341	3.7	0.0327537
341	3.8	0.0328416
341	3.9	0.0334018
341	4	0.033651
341	4.1	0.0328328
341	4.2	0.0328328
341	4.3	0.0312933
341	4.4	0.0335044
341	4.5	0.0319795
341	4.6	0.0319795
341	4.7	0.0324135
341	4.8	0.0326041
341	4.9	0.0326041
341	5	0.0329941
351	0	0.0278575
351	0.1	0.0287977
351	0.2	0.0286781
351	0.3	0.0284188
351	0.4	0.0281567
351	0.5	0.0291425
351	0.6	0.0286154
351	0.7	0.0271994
351	0.8	0.0271339
351	0.9	0.0270655
351	1	0.0283248
351	1.1	0.0256695
351	1.2	0.026792
351	1.3	0.0267977
351	1.4	0.0270199
351	1.5	0.0270684
351	1.6	0.0274359
351	1.7	0.0272593
351	1.8	0.0262479
351	1.9	0.022396
351	2	0.0268063
351	2.1	0.0299601
351	2.2	0.0318889
351	2.3	0.0325926
351	2.4	0.0326011
351	2.5	0.0315242
351	2.6	0.0323932
351	2.7	0.0312707
351	2.8	0.0312792
351	2.9	0.0317892
351	3	0.0314473
351	3.1	0.0315641
351	3.2	0.0318063
351	3.3	0.0306809
351	3.4	0.0316268
351	3.5	0.0316268
351	3.6	0.0303761
351	3.7	0.0308803
351	3.8	0.0322991
351	3.9	0.0323048
351	4	0.0306439
351	4.1	0.03149
351	4.2	0.03149
351	4.3	0.032359
351	4.4	0.0317635
351	4.5	0.0319003
351	4.6	0.0319003
351	4.7	0.0327037
351	4.8	0.0316695
351	4.9	0.0316695
351	5	0.0317521
361	0	0.0283102
361	0.1	0.0296925
361	0.2	0.0296316
361	0.3	0.0289307
361	0.4	0.0270443
361	0.5	0.0272909
361	0.6	0.0273878
361	0.7	0.0279778
361	0.8	0.0281634
361	0.9	0.0279834
361	1	0.0278283
361	1.1	0.0281053
361	1.2	0.0285319
361	1.3	0.0285291
361	1.4	0.026903
361	1.5	0.0273878
361	1.6	0.0275623
361	1.7	0.0264432
361	1.8	0.022626
361	1.9	0.0240443
361	2	0.0281219
361	2.1	0.0298947
361	2.2	0.0292299
361	2.3	0.0315651
361	2.4	0.0315706
361	2.5	0.0296565
361	2.6	0.0297535
361	2.7	0.0312715
361	2.8	0.0313241
361	2.9	0.0304681
361	3	0.0284515
361	3.1	0.028662
361	3.2	0.0308892
361	3.3	0.0312881
361	3.4	0.0302438
361	3.5	0.0302438
361	3.6	0.0309834
361	3.7	0.0318615
361	3.8	0.0290249
361	3.9	0.0290277
361	4	0.0312964
361	4.1	0.0306454
361	4.2	0.0306454
361	4.3	0.0313629
361	4.4	0.0307729
361	4.5	0.0297341
361	4.6	0.0297341
361	4.7	0.0307313
361	4.8	0.0301274
361	4.9	0.0301274
361	5	0.0301274
371	0	0.0282776
371	0.1	0.0285121
371	0.2	0.0282561
371	0.3	0.0281563
371	0.4	0.0285067
371	0.5	0.0277574
371	0.6	0.0277574
371	0.7	0.0293073
371	0.8	0.0275391
371	0.9	0.0275256
371	1	0.0266658
371	1.1	0.026779
371	1.2	0.0283639
371	1.3	0.0283585
371	1.4	0.027496
371	1.5	0.0283019
371	1.6	0.0264663
371	1.7	0.0233396
371	1.8	0.0229003
371	1.9	0.0270377
371	2	0.0285903
371	2.1	0.0296981
371	2.2	0.0286523
371	2.3	0.0304879
371	2.4	0.0305283
371	2.5	0.0305283
371	2.6	0.0299245
371	2.7	0.0290081
371	2.8	0.029124
371	2.9	0.0306119
371	3	0.0302911
371	3.1	0.0302372
371	3.2	0.0295499
371	3.3	0.030407
371	3.4	0.0296954
371	3.5	0.0296954
371	3.6	0.0306981
371	3.7	0.029372
371	3.8	0.0293908
371	3.9	0.0293908
371	4	0.0297601
371	4.1	0.0302183
371	4.2	0.0302183
371	4.3	0.0297358
371	4.4	0.0302237
371	4.5	0.0303639
371	4.6	0.0303639
371	4.7	0.0293477
371	4.8	0.0308248
371	4.9	0.0299057
371	5	0.0299057
381	0	0.0281575
381	0.1	0.0288031
381	0.2	0.0286352
381	0.3	0.0286194
381	0.4	0.028168
381	0.5	0.0286903
381	0.6	0.0287349
381	0.7	0.0291601
381	0.8	0.0264462
381	0.9	0.0269528
381	1	0.0269423
381	1.1	0.0278268
381	1.2	0.0275512
381	1.3	0.0275276
381	1.4	0.0278058
381	1.5	0.0276535
381	1.6	0.0243097
381	1.7	0.0211654
381	1.8	0.0266772
381	1.9	0.0285197
381	2	0.0288688
381	2.1	0.0289108
381	2.2	0.029063
381	2.3	0.0289003
381	2.4	0.0289895
381	2.5	0.0287113
381	2.6	0.0293281
381	2.7	0.0280262
381	2.8	0.0282021
381	2.9	0.0291286
381	3	0.0291102
381	3.1	0.028643
381	3.2	0.028685
381	3.3	0.0289475
381	3.4	0.0290551
381	3.5	0.0290551
381	3.6	0.0290787
381	3.7	0.0293255
381	3.8	0.0283333
381	3.9	0.0283333
381	4	0.0300052
381	4.1	0.0276693
381	4.2	0.0301312
381	4.3	0.0301312
381	4.4	0.0293596
381	4.5	0.0281522
381	4.6	0.0281522
381	4.7	0.0296457
381	4.8	0.0274121
381	4.9	0.0283832
381	5	0.0283832
391	0	0.0282737
391	0.1	0.0282097
391	0.2	0.0300332
391	0.3	0.0299309
391	0.4	0.0286189
391	0.5	0.0278465
391	0.6	0.0277187
391	0.7	0.0292737
391	0.8	0.0294092
391	0.9	0.028243
391	1	0.0281918
391	1.1	0.028133
391	1.2	0.0269284
391	1.3	0.0268414
391	1.4	0.0271304
391	1.5	0.0258107
391	1.6	0.0216854
391	1.7	0.0248389
391	1.8	0.0280588
391	1.9	0.0288005
391	2	0.0290486
391	2.1	0.0290793
391	2.2	0.0280153
391	2.3	0.0263785
391	2.4	0.0265448
391	2.5	0.029601
391	2.6	0.0290102
391	2.7	0.0290205
391	2.8	0.0289847
391	2.9	0.0288133
391	3	0.0278772
391	3.1	0.028
391	3.2	0.0280256
391	3.3	0.028977
391	3.4	0.028844
391	3.5	0.028844
391	3.6	0.0276266
391	3.7	0.0286522
391	3.8	0.0279898
391	3.9	0.0279898
391	4	0.0294169
391	4.1	0.0277442
391	4.2	0.0292762
391	4.3	0.0292762
391	4.4	0.0284169
391	4.5	0.0291049
391	4.6	0.0291049
391	4.7	0.0299054
391	4.8	0.0283836
391	4.9	0.0284936
391	5	0.0284936
401	0	0.0280474
401	0.1	0.0299451
401	0.2	0.027783
401	0.3	0.0277556
401	0.4	0.0289825
401	0.5	0.0281047
401	0.6	0.0280324
401	0.7	0.0288703
401	0.8	0.0278379
401	0.9	0.0271397
401	1	0.0270698
401	1.1	0.0279327
401	1.2	0.0275761
401	1.3	0.0275561
401	1.4	0.0268354
401	1.5	0.0222668
401	1.6	0.0227631
401	1.7	0.0269776
401	1.8	0.0273666
401	1.9	0.0283441
401	2	0.028586
401	2.1	0.028586
401	2.2	0.0288354
401	2.3	0.0270748
401	2.4	0.0274663
401	2.5	0.0275262
401	2.6	0.0278254
401	2.7	0.0267107
401	2.8	0.0267082
401	2.9	0.0284115
401	3	0.0294439
401	3.1	0.0273591
401	3.2	0.0273591
401	3.3	0.0279476
401	3.4	0.0286858
401	3.5	0.0285062
401	3.6	0.0285062
401	3.7	0.0273217
401	3.8	0.0281746
401	3.9	0.0281746
401	4	0.0271446
401	4.1	0.0283441
401	4.2	0.0273591
401	4.3	0.0273591
401	4.4	0.0266708
401	4.5	0.0273641
401	4.6	0.0280998
401	4.7	0.0280998
401	4.8	0.0274763
401	4.9	0.02898
401	5	0.02898
411	0	0.0287348
411	0.1	0.0288224
411	0.2	0.028601
411	0.3	0.0285207
411	0.4	0.0273844
411	0.5	0.0286448
411	0.6	0.0296399
411	0.7	0.0295645
411	0.8	0.0282019
411	0.9	0.0274866
411	1	0.0274209
411	1.1	0.028163
411	1.2	0.0277226
411	1.3	0.0281095
411	1.4	0.0252822
411	1.5	0.0223844
411	1.6	0.0272774
411	1.7	0.0257397
411	1.8	0.026056
411	1.9	0.0270292
411	2	0.0266131
411	2.1	0.0281217
411	2.2	0.0282384
411	2.3	0.0267202
411	2.4	0.0261946
411	2.5	0.0262092
411	2.6	0.0277445
411	2.7	0.0267299
411	2.8	0.0270876
411	2.9	0.0271946
411	3	0.0270097
411	3.1	0.0268175
411	3.2	0.0269611
411	3.3	0.0269611
411	3.4	0.0269489
411	3.5	0.0273723
411	3.6	0.0273723
411	3.7	0.0281217
411	3.8	0.0281727
411	3.9	0.0283747
411	4	0.0283747
411	4.1	0.0270998
411	4.2	0.0273577
411	4.3	0.0282019
411	4.4	0.0282019
411	4.5	0.0265985
411	4.6	0.0271655
411	4.7	0.0271655
411	4.8	0.0272968
411	4.9	0.0278394
411	5	0.0278151
421	0	0.0303872
421	0.1	0.0287648
421	0.2	0.029019
421	0.3	0.0284846
421	0.4	0.0285416
421	0.5	0.030247
421	0.6	0.0287031
421	0.7	0.0286176
421	0.8	0.028266
421	0.9	0.0270879
421	1	0.0293563
421	1.1	0.0293159
421	1.2	0.028
421	1.3	0.0273017
421	1.4	0.0217126
421	1.5	0.0236912
421	1.6	0.0255178
421	1.7	0.0267672
421	1.8	0.0267981
421	1.9	0.0255534
421	2	0.0268812
421	2.1	0.0262684
421	2.2	0.0263848
421	2.3	0.0258385
421	2.4	0.0262185
421	2.5	0.0272257
421	2.6	0.0273444
421	2.7	0.0265796
421	2.8	0.0264917
421	2.9	0.0264632
421	3	0.0269834
421	3.1	0.0262019
421	3.2	0.0254632
421	3.3	0.0254632
421	3.4	0.0259074
421	3.5	0.0273444
421	3.6	0.0283112
421	3.7	0.0283967
421	3.8	0.0260713
421	3.9	0.0270499
421	4	0.0270499
421	4.1	0.0274822
421	4.2	0.0257387
421	4.3	0.0260024
421	4.4	0.0260024
421	4.5	0.0262233
421	4.6	0.0266841
421	4.7	0.0259097
421	4.8	0.0259097
421	4.9	0.0277031
421	5	0.0269287
431	0	0.0298028
431	0.1	0.0289768
431	0.2	0.0282854
431	0.3	0.02758
431	0.4	0.0273991
431	0.5	0.0288445
431	0.6	0.0286102
431	0.7	0.0288538
431	0.8	0.0287146
431	0.9	0.0277309
431	1	0.028703
431	1.1	0.0285615
431	1.2	0.0275104
431	1.3	0.0247448
431	1.4	0.0217517
431	1.5	0.0246589
431	1.6	0.0246798
431	1.7	0.0257958
431	1.8	0.0248237
431	1.9	0.0248237
431	2	0.025123
431	2.1	0.0270673
431	2.2	0.027065
431	2.3	0.0274965
431	2.4	0.0256427
431	2.5	0.0262251
431	2.6	0.0262691
431	2.7	0.0261972
431	2.8	0.0260534
431	2.9	0.0263643
431	3	0.0263666
431	3.1	0.0256543
431	3.2	0.0265592
431	3.3	0.0265592
431	3.4	0.0269745
431	3.5	0.0266589
431	3.6	0.0256009
431	3.7	0.0257193
431	3.8	0.0260534
431	3.9	0.0265731
431	4	0.0269165
431	4.1	0.0269165
431	4.2	0.0252506
431	4.3	0.0265012
431	4.4	0.0265012
431	4.5	0.0257332
431	4.6	0.0265174
431	4.7	0.0250951
431	4.8	0.0250951
431	4.9	0.0260882
431	5	0.0263643
441	0	0.0294444
441	0.1	0.0293356
441	0.2	0.0289977
441	0.3	0.0291066
441	0.4	0.0289206
441	0.5	0.0304354
441	0.6	0.0281247
441	0.7	0.0274014
441	0.8	0.0274036
441	0.9	0.0293107
441	1	0.0277823
441	1.1	0.027805
441	1.2	0.0267642
441	1.3	0.0212358
441	1.4	0.0231587
441	1.5	0.0250227
441	1.6	0.0249048
441	1.7	0.024517
441	1.8	0.0260952
441	1.9	0.0260952
441	2	0.0249615
441	2.1	0.0253492
441	2.2	0.0243946
441	2.3	0.0243946
441	2.4	0.025746
441	2.5	0.026102
441	2.6	0.0261134
441	2.7	0.0250771
441	2.8	0.0256939
441	2.9	0.0255533
441	3	0.0255737
441	3.1	0.026644
441	3.2	0.0263265
441	3.3	0.0256508
441	3.4	0.0256463
441	3.5	0.0252766
441	3.6	0.024483
441	3.7	0.0256689
441	3.8	0.0256689
441	3.9	0.0257982
441	4	0.0266984
441	4.1	0.0266984
441	4.2	0.0249841
441	4.3	0.0258481
441	4.4	0.0254036
441	4.5	0.0254966
441	4.6	0.0252381
441	4.7	0.0263288
441	4.8	0.0247166
441	4.9	0.0247166
441	5	0.0262766
451	0	0.029694
451	0.1	0.0296741
451	0.2	0.0304302
451	0.3	0.0294856
451	0.4	0.0291619
451	0.5	0.0290111
451	0.6	0.0287339
451	0.7	0.0299379
451	0.8	0.0281951
451	0.9	0.028153
451	1	0.0282661
451	1.1	0.0279268
451	1.2	0.0241973
451	1.3	0.0211907
451	1.4	0.024235
451	1.5	0.0240466
451	1.6	0.0240865
451	1.7	0.0252705
451	1.8	0.0243104
451	1.9	0.0245477
451	2	0.0245166
451	2.1	0.0248647
451	2.2	0.0252749
451	2.3	0.0252749
451	2.4	0.0263082
451	2.5	0.0256696
451	2.6	0.0254213
451	2.7	0.0254213
451	2.8	0.0259135
451	2.9	0.02549
451	3	0.0253836
451	3.1	0.0253836
451	3.2	0.0256475
451	3.3	0.0258248
451	3.4	0.025745
451	3.5	0.0254479
451	3.6	0.0246896
451	3.7	0.0246497
451	3.8	0.0246497
451	3.9	0.025847
451	4	0.0254124
451	4.1	0.0259113
451	4.2	0.0259113
451	4.3	0.0247184
451	4.4	0.0254656
451	4.5	0.0255543
451	4.6	0.0241574
451	4.7	0.0244346
451	4.8	0.0255942
451	4.9	0.0255942
451	5	0.0253747
461	0	0.0299544
461	0.1	0.0290347
461	0.2	0.0289978
461	0.3	0.0286312
461	0.4	0.0285618
461	0.5	0.02841
461	0.6	0.029026
461	0.7	0.0284642
461	0.8	0.0293688
461	0.9	0.0292798
461	1	0.029102
461	1.1	0.0282733
461	1.2	0.0224837
461	1.3	0.0239913
461	1.4	0.024718
461	1.5	0.0249262
461	1.6	0.025026
461	1.7	0.0244816
461	1.8	0.0243731
461	1.9	0.0243601
461	2	0.0243579
461	2.1	0.0263102
461	2.2	0.0250521
461	2.3	0.0243557
461	2.4	0.0242777
461	2.5	0.0250022
461	2.6	0.02541
461	2.7	0.02541
461	2.8	0.0244859
461	2.9	0.0251453
461	3	0.0243905
461	3.1	0.0243905
461	3.2	0.0255011
461	3.3	0.0253753
461	3.4	0.0251193
461	3.5	0.0251193
461	3.6	0.0261909
461	3.7	0.0257202
461	3.8	0.0257202
461	3.9	0.0244859
461	4	0.0255336
461	4.1	0.0255553
461	4.2	0.0255662
461	4.3	0.0253232
461	4.4	0.0252863
461	4.5	0.0251106
461	4.6	0.0251302
461	4.7	0.0248633
461	4.8	0.0252625
461	4.9	0.0252625
461	5	0.0252256
471	0	0.0298025
471	0.1	0.0291571
471	0.2	0.0290892
471	0.3	0.0287113
471	0.4	0.028896
471	0.5	0.0297346
471	0.6	0.0295478
471	0.7	0.0293439
471	0.8	0.0282399
471	0.9	0.0282102
471	1	0.0281953
471	1.1	0.0251847
471	1.2	0.0218854
471	1.3	0.0232887
471	1.4	0.0247537
471	1.5	0.0246985
471	1.6	0.0240318
471	1.7	0.0239979
471	1.8	0.0238386
471	1.9	0.0241635
471	2	0.023966
471	2.1	0.023966
471	2.2	0.0238386
471	2.3	0.0246943
471	2.4	0.024811
471	2.5	0.0248556
471	2.6	0.0243694
471	2.7	0.0247537
471	2.8	0.0247537
471	2.9	0.0244204
471	3	0.0244883
471	3.1	0.0230934
471	3.2	0.0230934
471	3.3	0.0255202
471	3.4	0.0245648
471	3.5	0.0245648
471	3.6	0.0234565
471	3.7	0.0248726
471	3.8	0.0246709
471	3.9	0.0246709
471	4	0.0236242
471	4.1	0.0237282
471	4.2	0.0246306
471	4.3	0.0246306
471	4.4	0.0239554
471	4.5	0.0242739
471	4.6	0.024276
471	4.7	0.0248493
471	4.8	0.0246178
471	4.9	0.023913
471	5	0.023913
481	0	0.029368
481	0.1	0.030185
481	0.2	0.0282911
481	0.3	0.0282287
481	0.4	0.0294511
481	0.5	0.0293493
481	0.6	0.0291185
481	0.7	0.0300624
481	0.8	0.0284886
481	0.9	0.0285759
481	1	0.0275988
481	1.1	0.0217963
481	1.2	0.0223222
481	1.3	0.0241164
481	1.4	0.0241871
481	1.5	0.0239272
481	1.6	0.024368
481	1.7	0.0244948
481	1.8	0.0234719
481	1.9	0.0249834
481	2	0.0227796
481	2.1	0.0227796
481	2.2	0.0244969
481	2.3	0.0241892
481	2.4	0.0244823
481	2.5	0.0244823
481	2.6	0.0232121
481	2.7	0.0246403
481	2.8	0.0246403
481	2.9	0.0242557
481	3	0.0237401
481	3.1	0.0232432
481	3.2	0.0232432
481	3.3	0.0234865
481	3.4	0.0240499
481	3.5	0.0234304
481	3.6	0.0234387
481	3.7	0.0226694
481	3.8	0.0242121
481	3.9	0.0242121
481	4	0.0247921
481	4.1	0.0239335
481	4.2	0.0250437
481	4.3	0.0250437
481	4.4	0.0240728
481	4.5	0.0235426
481	4.6	0.0241247
481	4.7	0.0241247
481	4.8	0.0245135
481	4.9	0.0236445
481	5	0.023368
491	0	0.0297373
491	0.1	0.0304297
491	0.2	0.0293462
491	0.3	0.0293564
491	0.4	0.0317434
491	0.5	0.0303401
491	0.6	0.0287739
491	0.7	0.0287658
491	0.8	0.0297576
491	0.9	0.0275886
491	1	0.0266212
491	1.1	0.0219226
491	1.2	0.022668
491	1.3	0.0232322
491	1.4	0.0232363
491	1.5	0.0235295
491	1.6	0.0230346
491	1.7	0.023277
491	1.8	0.0232037
491	1.9	0.0246823
491	2	0.02289
491	2.1	0.0235703
491	2.2	0.0235193
491	2.3	0.0238167
491	2.4	0.0237434
491	2.5	0.0237434
491	2.6	0.0243055
491	2.7	0.024391
491	2.8	0.0233259
491	2.9	0.0233299
491	3	0.0231813
491	3.1	0.0241853
491	3.2	0.0231568
491	3.3	0.0231568
491	3.4	0.0233075
491	3.5	0.0238615
491	3.6	0.0238941
491	3.7	0.0239817
491	3.8	0.0239491
491	3.9	0.0233259
491	4	0.0233259
491	4.1	0.0245275
491	4.2	0.0244379
491	4.3	0.0236619
491	4.4	0.0236619
491	4.5	0.0237495
491	4.6	0.0238961
491	4.7	0.0238961
491	4.8	0.0231568
491	4.9	0.0243218
491	5	0.0249063
501	0	0.0307126
501	0.1	0.0288683
501	0.2	0.0287445
501	0.3	0.0295489
501	0.4	0.0293912
501	0.5	0.0304491
501	0.6	0.0298942
501	0.7	0.0298623
501	0.8	0.0297345
501	0.9	0.0283733
501	1	0.0229082
501	1.1	0.0218204
501	1.2	0.0236048
501	1.3	0.0232854
501	1.4	0.0230399
501	1.5	0.0230399
501	1.6	0.0238643
501	1.7	0.0230479
501	1.8	0.0231257
501	1.9	0.0242335
501	2	0.0231816
501	2.1	0.0234032
501	2.2	0.0233992
501	2.3	0.0227525
501	2.4	0.0225888
501	2.5	0.0238343
501	2.6	0.0238343
501	2.7	0.0241956
501	2.8	0.0239242
501	2.9	0.023018
501	3	0.023018
501	3.1	0.023523
501	3.2	0.0231976
501	3.3	0.0231976
501	3.4	0.0232894
501	3.5	0.023491
501	3.6	0.0246786
501	3.7	0.0246786
501	3.8	0.0227086
501	3.9	0.024018
501	4	0.0241158
501	4.1	0.0241158
501	4.2	0.0231098
501	4.3	0.0237046
501	4.4	0.0237046
501	4.5	0.0225749
501	4.6	0.0227325
501	4.7	0.0234052
501	4.8	0.0234052
501	4.9	0.0234072
501	5	0.0232275
511	0	0.0302231
511	0.1	0.0302348
511	0.2	0.0295656
511	0.3	0.0296341
511	0.4	0.0294716
511	0.5	0.030593
511	0.6	0.028998
511	0.7	0.0297358
511	0.8	0.0296419
511	0.9	0.0279491
511	1	0.0199922
511	1.1	0.0226947
511	1.2	0.0234814
511	1.3	0.0226517
511	1.4	0.0230509
511	1.5	0.0230509
511	1.6	0.0224932
511	1.7	0.0229354
511	1.8	0.0221174
511	1.9	0.0220744
511	2	0.0232759
511	2.1	0.022499
511	2.2	0.0233503
511	2.3	0.0233503
511	2.4	0.0225284
511	2.5	0.0225068
511	2.6	0.0225068
511	2.7	0.0230215
511	2.8	0.022998
511	2.9	0.0233777
511	3	0.0233777
511	3.1	0.0232935
511	3.2	0.0227573
511	3.3	0.0224364
511	3.4	0.0225166
511	3.5	0.0229569
511	3.6	0.0240117
511	3.7	0.0240117
511	3.8	0.0227613
511	3.9	0.0233581
511	4	0.0229648
511	4.1	0.0229648
511	4.2	0.023773
511	4.3	0.0226595
511	4.4	0.0236086
511	4.5	0.0236086
511	4.6	0.0232896
511	4.7	0.0230294
511	4.8	0.0230294
511	4.9	0.0237319
511	5	0.0233659
521	0	0.0292418
521	0.1	0.0291286
521	0.2	0.0288464
521	0.3	0.0298004
521	0.4	0.0296641
521	0.5	0.0296929
521	0.6	0.0315662
521	0.7	0.0292841
521	0.8	0.0302111
521	0.9	0.026428
521	1	0.0233378
521	1.1	0.022499
521	1.2	0.0225777
521	1.3	0.0239635
521	1.4	0.0229539
521	1.5	0.0235432
521	1.6	0.0235432
521	1.7	0.0232821
521	1.8	0.0225547
521	1.9	0.0237774
521	2	0.0237774
521	2.1	0.0221267
521	2.2	0.0230672
521	2.3	0.0230672
521	2.4	0.022453
521	2.5	0.0226104
521	2.6	0.0230288
521	2.7	0.0230288
521	2.8	0.0220077
521	2.9	0.0234779
521	3	0.0233417
521	3.1	0.0233436
521	3.2	0.0239904
521	3.3	0.0237793
521	3.4	0.0239079
521	3.5	0.02219
521	3.6	0.0231152
521	3.7	0.0234031
521	3.8	0.0234031
521	3.9	0.0222284
521	4	0.023071
521	4.1	0.0224683
521	4.2	0.0224683
521	4.3	0.0229424
521	4.4	0.0228388
521	4.5	0.0228388
521	4.6	0.0217889
521	4.7	0.0233743
521	4.8	0.0231862
521	4.9	0.0231862
521	5	0.0228983
531	0	0.0299397
531	0.1	0.030226
531	0.2	0.030226
531	0.3	0.030032
531	0.4	0.0297213
531	0.5	0.0296629
531	0.6	0.030936
531	0.7	0.0300264
531	0.8	0.0297476
531	0.9	0.0228305
531	1	0.0222335
531	1.1	0.0212486
531	1.2	0.0233503
531	1.3	0.0233522
531	1.4	0.0219209
531	1.5	0.0231431
531	1.6	0.0219887
531	1.7	0.0220226
531	1.8	0.0224501
531	1.9	0.0213653
531	2	0.0213653
531	2.1	0.0219906
531	2.2	0.0219868
531	2.3	0.0227363
531	2.4	0.0227363
531	2.5	0.0214614
531	2.6	0.0221375
531	2.7	0.0225122
531	2.8	0.0225122
531	2.9	0.0226252
531	3	0.0224162
531	3.1	0.0224162
531	3.2	0.0223616
531	3.3	0.0223107
531	3.4	0.0227476
531	3.5	0.0227476
531	3.6	0.0223239
531	3.7	0.0228588
531	3.8	0.0224595
531	3.9	0.0224595
531	4	0.0220697
531	4.1	0.0224068
531	4.2	0.0224068
531	4.3	0.0229755
531	4.4	0.022403
531	4.5	0.0220697
531	4.6	0.0220697
531	4.7	0.0224407
531	4.8	0.0237476
531	4.9	0.0222599
531	5	0.0222599
541	0	0.0296248
541	0.1	0.0298817
541	0.2	0.0298817
541	0.3	0.0296396
541	0.4	0.0306137
541	0.5	0.0304048
541	0.6	0.0304048
541	0.7	0.0289131
541	0.8	0.0268928
541	0.9	0.0213105
541	1	0.0226396
541	1.1	0.0223013
541	1.2	0.0214843
541	1.3	0.0215009
541	1.4	0.0224418
541	1.5	0.0226506
541	1.6	0.0226617
541	1.7	0.0227505
541	1.8	0.0234898
541	1.9	0.0218577
541	2	0.0224085
541	2.1	0.0224917
541	2.2	0.0221497
541	2.3	0.0210869
541	2.4	0.0210869
541	2.5	0.0224399
541	2.6	0.0229113
541	2.7	0.0218299
541	2.8	0.0218299
541	2.9	0.0233512
541	3	0.0225564
541	3.1	0.0218152
541	3.2	0.0218152
541	3.3	0.0219279
541	3.4	0.0219279
541	3.5	0.0219279
541	3.6	0.0224251
541	3.7	0.0220628
541	3.8	0.021244
541	3.9	0.021244
541	4	0.0227116
541	4.1	0.0222255
541	4.2	0.0221867
541	4.3	0.0221867
541	4.4	0.021512
541	4.5	0.0227116
541	4.6	0.0228725
541	4.7	0.0228725
541	4.8	0.0219242
541	4.9	0.0217967
541	5	0.0217967
551	0	0.031029
551	0.1	0.031392
551	0.2	0.029873
551	0.3	0.0298639
551	0.4	0.030392
551	0.5	0.0296298
551	0.6	0.0297459
551	0.7	0.0295354
551	0.8	0.0258348
551	0.9	0.0214156
551	1	0.0212868
551	1.1	0.0224192
551	1.2	0.0224646
551	1.3	0.0217877
551	1.4	0.0217677
551	1.5	0.0212142
551	1.6	0.0213303
551	1.7	0.0214265
551	1.8	0.0214882
551	1.9	0.0225318
551	2	0.0218494
551	2.1	0.0219365
551	2.2	0.0218167
551	2.3	0.0232196
551	2.4	0.0223666
551	2.5	0.0223666
551	2.6	0.021755
551	2.7	0.0225154
551	2.8	0.0221579
551	2.9	0.0221506
551	3	0.022784
551	3.1	0.022343
551	3.2	0.022343
551	3.3	0.0224828
551	3.4	0.0215172
551	3.5	0.0217024
551	3.6	0.0217822
551	3.7	0.0216842
551	3.8	0.0221615
551	3.9	0.0223829
551	4	0.0223829
551	4.1	0.0220653
551	4.2	0.0231978
551	4.3	0.0219111
551	4.4	0.0219111
551	4.5	0.0227241
551	4.6	0.0217278
551	4.7	0.0217278
551	4.8	0.022245
551	4.9	0.0224156
551	5	0.0215771
561	0	0.0316702
561	0.1	0.0297879
561	0.2	0.029738
561	0.3	0.0295865
561	0.4	0.0295027
561	0.5	0.030164
561	0.6	0.0305187
561	0.7	0.0298841
561	0.8	0.0233619
561	0.9	0.0214082
561	1	0.022205
561	1.1	0.0223529
561	1.2	0.0217647
561	1.3	0.0220071
561	1.4	0.0229412
561	1.5	0.0229786
561	1.6	0.022057
561	1.7	0.0221426
561	1.8	0.0222032
561	1.9	0.0222727
561	2	0.0216613
561	2.1	0.022123
561	2.2	0.022123
561	2.3	0.021426
561	2.4	0.0214153
561	2.5	0.021123
561	2.6	0.0210945
561	2.7	0.0211729
561	2.8	0.0217611
561	2.9	0.0220428
561	3	0.0220428
561	3.1	0.0224456
561	3.2	0.022041
561	3.3	0.022041
561	3.4	0.0216506
561	3.5	0.0215187
561	3.6	0.0225009
561	3.7	0.0225437
561	3.8	0.0219127
561	3.9	0.022025
561	4	0.0226595
561	4.1	0.0226595
561	4.2	0.0216684
561	4.3	0.0222157
561	4.4	0.0222157
561	4.5	0.0216595
561	4.6	0.0220766
561	4.7	0.0212656
561	4.8	0.0212656
561	4.9	0.0210535
561	5	0.0215152
571	0	0.0320876
571	0.1	0.0319422
571	0.2	0.0305271
571	0.3	0.0313888
571	0.4	0.0296585
571	0.5	0.0295972
571	0.6	0.0296095
571	0.7	0.0274834
571	0.8	0.0200665
571	0.9	0.0220368
571	1	0.0217163
571	1.1	0.0205061
571	1.2	0.0205114
571	1.3	0.0213573
571	1.4	0.0222119
571	1.5	0.0208844
571	1.6	0.0209159
571	1.7	0.0213573
571	1.8	0.0214501
571	1.9	0.0214501
571	2	0.0215972
571	2.1	0.0213888
571	2.2	0.0215587
571	2.3	0.0215587
571	2.4	0.0209842
571	2.5	0.0213433
571	2.6	0.0221839
571	2.7	0.0221839
571	2.8	0.0212995
571	2.9	0.0208564
571	3	0.0208564
571	3.1	0.0218319
571	3.2	0.0218634
571	3.3	0.0219877
571	3.4	0.0219877
571	3.5	0.021282
571	3.6	0.0212277
571	3.7	0.0214238
571	3.8	0.0214238
571	3.9	0.022669
571	4	0.0212872
571	4.1	0.0212574
571	4.2	0.0212574
571	4.3	0.0217846
571	4.4	0.0224431
571	4.5	0.0224431
571	4.6	0.0218616
571	4.7	0.0221051
571	4.8	0.0213975
571	4.9	0.0213975
571	5	0.0220665
581	0	0.0312083
581	0.1	0.0315422
581	0.2	0.0315697
581	0.3	0.0302978
581	0.4	0.0299587
581	0.5	0.0299346
581	0.6	0.0314372
581	0.7	0.0262496
581	0.8	0.0211463
581	0.9	0.0199019
581	1	0.0217281
581	1.1	0.0213976
581	1.2	0.0219931
581	1.3	0.022
581	1.4	0.0212341
581	1.5	0.0214028
581	1.6	0.0214561
581	1.7	0.0211979
581	1.8	0.021432
581	1.9	0.0218279
581	2	0.0218279
581	2.1	0.0211635
581	2.2	0.0207418
581	2.3	0.0216179
581	2.4	0.0216179
581	2.5	0.0210671
581	2.6	0.0221721
581	2.7	0.021506
581	2.8	0.021506
581	2.9	0.0218262
581	3	0.0211067
581	3.1	0.0211067
581	3.2	0.0220826
581	3.3	0.0216213
581	3.4	0.0203184
581	3.5	0.0203184
581	3.6	0.0212324
581	3.7	0.0212943
581	3.8	0.0212633
581	3.9	0.0212633
581	4	0.0209484
581	4.1	0.0213115
581	4.2	0.0213115
581	4.3	0.021704
581	4.4	0.02058
581	4.5	0.0208657
581	4.6	0.0208657
581	4.7	0.0213752
581	4.8	0.0212031
581	4.9	0.0215095
581	5	0.0215095
591	0	0.0307631
591	0.1	0.0313553
591	0.2	0.0319205
591	0.3	0.031912
591	0.4	0.0312623
591	0.5	0.0295008
591	0.6	0.0290152
591	0.7	0.0234027
591	0.8	0.0202521
591	0.9	0.0216954
591	1	0.021758
591	1.1	0.020802
591	1.2	0.0214044
591	1.3	0.0212775
591	1.4	0.0213164
591	1.5	0.0205854
591	1.6	0.0207733
591	1.7	0.0207733
591	1.8	0.021088
591	1.9	0.0213638
591	2	0.0206244
591	2.1	0.0206244
591	2.2	0.0213198
591	2.3	0.0213706
591	2.4	0.0214856
591	2.5	0.0214856
591	2.6	0.0213367
591	2.7	0.0215127
591	2.8	0.0215635
591	2.9	0.0215635
591	3	0.0215973
591	3.1	0.0209086
591	3.2	0.0209086
591	3.3	0.0212132
591	3.4	0.0208426
591	3.5	0.0220118
591	3.6	0.0220102
591	3.7	0.0207716
591	3.8	0.0208426
591	3.9	0.0218697
591	4	0.0218697
591	4.1	0.021731
591	4.2	0.0223147
591	4.3	0.0223147
591	4.4	0.0216074
591	4.5	0.0211997
591	4.6	0.0213063
591	4.7	0.0213063
591	4.8	0.0204433
591	4.9	0.0209171
591	5	0.0210423
601	0	0.0316106
601	0.1	0.0303111
601	0.2	0.0316689
601	0.3	0.0319468
601	0.4	0.0318286
601	0.5	0.0319451
601	0.6	0.0296323
601	0.7	0.0208819
601	0.8	0.0209534
601	0.9	0.0204958
601	1	0.0211281
601	1.1	0.0212047
601	1.2	0.0209135
601	1.3	0.0208785
601	1.4	0.0203078
601	1.5	0.0203478
601	1.6	0.0219917
601	1.7	0.0205374
601	1.8	0.020594
601	1.9	0.022025
601	2	0.020426
601	2.1	0.0208136
601	2.2	0.0208136
601	2.3	0.0219517
601	2.4	0.0214027
601	2.5	0.0199517
601	2.6	0.0199584
601	2.7	0.0216922
601	2.8	0.0228087
601	2.9	0.0211647
601	3	0.0211647
601	3.1	0.0211963
601	3.2	0.0212396
601	3.3	0.0212396
601	3.4	0.0199434
601	3.5	0.02202
601	3.6	0.0204709
601	3.7	0.0204709
601	3.8	0.0208552
601	3.9	0.021386
601	4	0.0203128
601	4.1	0.0203128
601	4.2	0.0214126
601	4.3	0.0202712
601	4.4	0.0202712
601	4.5	0.02102
601	4.6	0.0215374
601	4.7	0.0207521
601	4.8	0.0208103
601	4.9	0.0211165
601	5	0.0218935
611	0	0.0311506
611	0.1	0.0311293
611	0.2	0.0320622
611	0.3	0.0310786
611	0.4	0.029527
611	0.5	0.0294583
611	0.6	0.0286956
611	0.7	0.0222193
611	0.8	0.0206776
611	0.9	0.0203273
611	1	0.0206907
611	1.1	0.0212209
611	1.2	0.0212209
611	1.3	0.0209264
611	1.4	0.0209296
611	1.5	0.0208216
611	1.6	0.0208151
611	1.7	0.0209771
611	1.8	0.0208445
611	1.9	0.0208887
611	2	0.0205696
611	2.1	0.0200982
611	2.2	0.0206301
611	2.3	0.0206301
611	2.4	0.0207676
611	2.5	0.0214812
611	2.6	0.0212275
611	2.7	0.0212455
611	2.8	0.0211555
611	2.9	0.0200851
611	3	0.0213044
611	3.1	0.0213044
611	3.2	0.021252
611	3.3	0.0215827
611	3.4	0.0215827
611	3.5	0.0211178
611	3.6	0.0207856
611	3.7	0.0204877
611	3.8	0.0204877
611	3.9	0.0211015
611	4	0.0208101
611	4.1	0.020689
611	4.2	0.020689
611	4.3	0.021856
611	4.4	0.0204157
611	4.5	0.0204157
611	4.6	0.0200376
611	4.7	0.0201293
611	4.8	0.021419
611	4.9	0.021419
611	5	0.0208609
621	0	0.030744
621	0.1	0.0320982
621	0.2	0.0320902
621	0.3	0.0306795
621	0.4	0.0299002
621	0.5	0.0318712
621	0.6	0.0263591
621	0.7	0.0214058
621	0.8	0.0205491
621	0.9	0.020599
621	1	0.0205475
621	1.1	0.0200966
621	1.2	0.0200081
621	1.3	0.0200081
621	1.4	0.0208003
621	1.5	0.0211868
621	1.6	0.0203655
621	1.7	0.0203655
621	1.8	0.0215089
621	1.9	0.0210193
621	2	0.0209919
621	2.1	0.0201256
621	2.2	0.0203027
621	2.3	0.0213398
621	2.4	0.0213398
621	2.5	0.0205378
621	2.6	0.0213221
621	2.7	0.0203398
621	2.8	0.0203398
621	2.9	0.0210113
621	3	0.0203527
621	3.1	0.0210773
621	3.2	0.0210773
621	3.3	0.0209678
621	3.4	0.0210998
621	3.5	0.0210998
621	3.6	0.0205862
621	3.7	0.0213704
621	3.8	0.0206055
621	3.9	0.0206055
621	4	0.0205153
621	4.1	0.021438
621	4.2	0.0208293
621	4.3	0.0208293
621	4.4	0.0207391
621	4.5	0.0201723
621	4.6	0.0211787
621	4.7	0.0211787
621	4.8	0.0204493
621	4.9	0.0207246
621	5	0.0207246
631	0	0.0299192
631	0.1	0.0306323
631	0.2	0.0309556
631	0.3	0.0308796
631	0.4	0.0299097
631	0.5	0.0296355
631	0.6	0.0234168
631	0.7	0.0203756
631	0.8	0.0199762
631	0.9	0.0206688
631	1	0.0207258
631	1.1	0.0211315
631	1.2	0.0210475
631	1.3	0.0200349
631	1.4	0.0200634
631	1.5	0.0196054
631	1.6	0.0205182
631	1.7	0.0205341
631	1.8	0.0205341
631	1.9	0.0203582
631	2	0.0204374
631	2.1	0.021252
631	2.2	0.0212789
631	2.3	0.0209715
631	2.4	0.0197861
631	2.5	0.0197861
631	2.6	0.0202726
631	2.7	0.0208526
631	2.8	0.0200697
631	2.9	0.0200697
631	3	0.0205404
631	3.1	0.0212456
631	3.2	0.0205848
631	3.3	0.0205848
631	3.4	0.0204548
631	3.5	0.0210238
631	3.6	0.0210238
631	3.7	0.0209746
631	3.8	0.0205452
631	3.9	0.0210428
631	4	0.0210428
631	4.1	0.020859
631	4.2	0.0205182
631	4.3	0.0209667
631	4.4	0.0209667
631	4.5	0.0206577
631	4.6	0.0202124
631	4.7	0.021046
631	4.8	0.0210238
631	4.9	0.0209683
631	5	0.0212155
641	0	0.0309797
641	0.1	0.0313089
641	0.2	0.0301576
641	0.3	0.0315413
641	0.4	0.0314134
641	0.5	0.0298346
641	0.6	0.021092
641	0.7	0.0200889
641	0.8	0.0201966
641	0.9	0.0199922
641	1	0.0206599
641	1.1	0.0206724
641	1.2	0.0197083
641	1.3	0.021078
641	1.4	0.020791
641	1.5	0.0208128
641	1.6	0.0205086
641	1.7	0.0192995
641	1.8	0.0196786
641	1.9	0.0196537
641	2	0.0210296
641	2.1	0.0209064
641	2.2	0.0209407
641	2.3	0.0206256
641	2.4	0.0203729
641	2.5	0.0193385
641	2.6	0.0193385
641	2.7	0.0203479
641	2.8	0.0209953
641	2.9	0.0214399
641	3	0.0214399
641	3.1	0.0211778
641	3.2	0.0200172
641	3.3	0.0199735
641	3.4	0.0199735
641	3.5	0.0206771
641	3.6	0.0202246
641	3.7	0.020234
641	3.8	0.0210281
641	3.9	0.0213151
641	4	0.0215133
641	4.1	0.0215133
641	4.2	0.0215367
641	4.3	0.0212574
641	4.4	0.0196739
641	4.5	0.0196739
641	4.6	0.0201451
641	4.7	0.0207207
641	4.8	0.0207176
641	4.9	0.0208175
641	5	0.0208877
651	0	0.0313687
651	0.1	0.0313625
651	0.2	0.0326743
651	0.3	0.0320952
651	0.4	0.030533
651	0.5	0.0277404
651	0.6	0.0215131
651	0.7	0.0198771
651	0.8	0.0209478
651	0.9	0.0210661
651	1	0.02049
651	1.1	0.0197926
651	1.2	0.019828
651	1.3	0.020321
651	1.4	0.0193441
651	1.5	0.0195346
651	1.6	0.0195346
651	1.7	0.0202903
651	1.8	0.0201475
651	1.9	0.0203318
651	2	0.0203518
651	2.1	0.0206006
651	2.2	0.0203472
651	2.3	0.0203472
651	2.4	0.0204055
651	2.5	0.020573
651	2.6	0.0207896
651	2.7	0.0207619
651	2.8	0.0207296
651	2.9	0.020298
651	3	0.0200476
651	3.1	0.0200476
651	3.2	0.020977
651	3.3	0.0200845
651	3.4	0.0206329
651	3.5	0.0206359
651	3.6	0.019745
651	3.7	0.0198387
651	3.8	0.0198387
651	3.9	0.0207911
651	4	0.021255
651	4.1	0.0206068
651	4.2	0.0206068
651	4.3	0.0203349
651	4.4	0.0197496
651	4.5	0.0205868
651	4.6	0.0205868
651	4.7	0.0200108
651	4.8	0.0202473
651	4.9	0.0202473
651	5	0.0198418
661	0	0.0313858
661	0.1	0.0327973
661	0.2	0.0327231
661	0.3	0.0309743
661	0.4	0.0311377
661	0.5	0.0256505
661	0.6	0.0204584
661	0.7	0.0200651
661	0.8	0.0203011
661	0.9	0.0208109
661	1	0.0208517
661	1.1	0.021587
661	1.2	0.0205582
661	1.3	0.0205582
661	1.4	0.0198306
661	1.5	0.0207625
661	1.6	0.0192814
661	1.7	0.0192905
661	1.8	0.0202965
661	1.9	0.0205083
661	2	0.0204932
661	2.1	0.0204932
661	2.2	0.0204992
661	2.3	0.0200045
661	2.4	0.0200045
661	2.5	0.0199743
661	2.6	0.0203434
661	2.7	0.020941
661	2.8	0.020941
661	2.9	0.0207398
661	3	0.0203343
661	3.1	0.0199123
661	3.2	0.0199788
661	3.3	0.0202042
661	3.4	0.0202163
661	3.5	0.0202163
661	3.6	0.0203464
661	3.7	0.0205461
661	3.8	0.0208457
661	3.9	0.0208457
661	4	0.020407
661	4.1	0.0199713
661	4.2	0.0204236
661	4.3	0.0204236
661	4.4	0.020649
661	4.5	0.0199395
661	4.6	0.0203828
661	4.7	0.0203828
661	4.8	0.0200605
661	4.9	0.0202466
661	5	0.0202027
671	0	0.0307556
671	0.1	0.0320999
671	0.2	0.0312012
671	0.3	0.031155
671	0.4	0.0325201
671	0.5	0.0239344
671	0.6	0.020772
671	0.7	0.0206125
671	0.8	0.0200522
671	0.9	0.019161
671	1	0.0191878
671	1.1	0.020763
671	1.2	0.0206364
671	1.3	0.0205082
671	1.4	0.0205112
671	1.5	0.0198331
671	1.6	0.0208256
671	1.7	0.0200179
671	1.8	0.0200194
671	1.9	0.0199523
671	2	0.0195768
671	2.1	0.0198689
671	2.2	0.0198435
671	2.3	0.0202235
671	2.4	0.0201013
671	2.5	0.0201013
671	2.6	0.0208629
671	2.7	0.0196587
671	2.8	0.0202504
671	2.9	0.0202504
671	3	0.0207884
671	3.1	0.0200596
671	3.2	0.0198167
671	3.3	0.0198167
671	3.4	0.0207437
671	3.5	0.0193323
671	3.6	0.0193323
671	3.7	0.0187064
671	3.8	0.0196423
671	3.9	0.0205186
671	4	0.0205186
671	4.1	0.0204218
671	4.2	0.020158
671	4.3	0.0200745
671	4.4	0.0200745
671	4.5	0.0210134
671	4.6	0.0208301
671	4.7	0.0207511
671	4.8	0.0207511
671	4.9	0.0204083
671	5	0.020082
681	0	0.0340073
681	0.1	0.0313862
681	0.2	0.0312232
681	0.3	0.0313407
681	0.4	0.0306814
681	0.5	0.0207489
681	0.6	0.0211101
681	0.7	0.020326
681	0.8	0.020326
681	0.9	0.0200661
681	1	0.0198767
681	1.1	0.0200176
681	1.2	0.0200778
681	1.3	0.0205492
681	1.4	0.0205874
681	1.5	0.0205874
681	1.6	0.0206623
681	1.7	0.0203333
681	1.8	0.0203319
681	1.9	0.0203201
681	2	0.0198664
681	2.1	0.019975
681	2.2	0.0205272
681	2.3	0.0205272
681	2.4	0.0198781
681	2.5	0.0204376
681	2.6	0.0204376
681	2.7	0.0194758
681	2.8	0.020138
681	2.9	0.0213348
681	3	0.0213348
681	3.1	0.019975
681	3.2	0.0203054
681	3.3	0.0213759
681	3.4	0.0213759
681	3.5	0.0195257
681	3.6	0.0202746
681	3.7	0.0194816
681	3.8	0.0194816
681	3.9	0.0194993
681	4	0.0197739
681	4.1	0.0197739
681	4.2	0.0189633
681	4.3	0.0199501
681	4.4	0.0197401
681	4.5	0.0197401
681	4.6	0.0192203
681	4.7	0.0204156
681	4.8	0.0202628
681	4.9	0.0202628
681	5	0.0200103
691	0	0.0319045
691	0.1	0.0318408
691	0.2	0.0323517
691	0.3	0.0327771
691	0.4	0.0299971
691	0.5	0.022424
691	0.6	0.0197612
691	0.7	0.020191
691	0.8	0.0197959
691	0.9	0.0197656
691	1	0.0197366
691	1.1	0.0204457
691	1.2	0.0197164
691	1.3	0.0197164
691	1.4	0.0189913
691	1.5	0.0201056
691	1.6	0.0201056
691	1.7	0.019259
691	1.8	0.0197815
691	1.9	0.0202518
691	2	0.0202518
691	2.1	0.0199378
691	2.2	0.0200333
691	2.3	0.0201375
691	2.4	0.0201375
691	2.5	0.0205456
691	2.6	0.0194124
691	2.7	0.0194848
691	2.8	0.0197048
691	2.9	0.0200362
691	3	0.0197742
691	3.1	0.0197742
691	3.2	0.0200521
691	3.3	0.0197106
691	3.4	0.0205601
691	3.5	0.0205601
691	3.6	0.0196758
691	3.7	0.0199334
691	3.8	0.0193039
691	3.9	0.0193039
691	4	0.0196049
691	4.1	0.0200087
691	4.2	0.0200043
691	4.3	0.0203517
691	4.4	0.0201129
691	4.5	0.0203546
691	4.6	0.0203546
691	4.7	0.0202518
691	4.8	0.0195007
691	4.9	0.0206845
691	5	0.020699
701	0	0.0322282
701	0.1	0.0312197
701	0.2	0.0315663
701	0.3	0.0316491
701	0.4	0.0272197
701	0.5	0.0226562
701	0.6	0.0205621
701	0.7	0.0192068
701	0.8	0.0193752
701	0.9	0.0201455
701	1	0.0201897
701	1.1	0.0200613
701	1.2	0.0188274
701	1.3	0.0194465
701	1.4	0.0194864
701	1.5	0.0203281
701	1.6	0.0203809
701	1.7	0.0203552
701	1.8	0.019622
701	1.9	0.0198688
701	2	0.0201555
701	2.1	0.0201555
701	2.2	0.0207932
701	2.3	0.0197318
701	2.4	0.0195877
701	2.5	0.0195877
701	2.6	0.0203609
701	2.7	0.0200328
701	2.8	0.0201912
701	2.9	0.0201912
701	3	0.0201013
701	3.1	0.0193809
701	3.2	0.0193823
701	3.3	0.0200499
701	3.4	0.0204194
701	3.5	0.0203252
701	3.6	0.0203252
701	3.7	0.021281
701	3.8	0.0198245
701	3.9	0.0203124
701	4	0.0203124
701	4.1	0.0195863
701	4.2	0.0198959
701	4.3	0.0199301
701	4.4	0.0200927
701	4.5	0.0196049
701	4.6	0.0198816
701	4.7	0.0198816
701	4.8	0.0197675
701	4.9	0.0198973
701	5	0.0192183
711	0	0.0311238
711	0.1	0.0325541
711	0.2	0.0317693
711	0.3	0.0323882
711	0.4	0.0259677
711	0.5	0.0203094
711	0.6	0.0194135
711	0.7	0.0194388
711	0.8	0.0190633
711	0.9	0.0202518
711	1	0.0198073
711	1.1	0.0198073
711	1.2	0.0197553
711	1.3	0.0196188
711	1.4	0.0198115
711	1.5	0.0198059
711	1.6	0.0195218
711	1.7	0.0197989
711	1.8	0.0195513
711	1.9	0.0196118
711	2	0.0190169
711	2.1	0.0193347
711	2.2	0.0193376
711	2.3	0.0192377
711	2.4	0.0202504
711	2.5	0.0200113
711	2.6	0.0200113
711	2.7	0.0201913
711	2.8	0.0200309
711	2.9	0.0201083
711	3	0.0201083
711	3.1	0.0205345
711	3.2	0.0196695
711	3.3	0.0195316
711	3.4	0.0195316
711	3.5	0.01982
711	3.6	0.0207032
711	3.7	0.0207032
711	3.8	0.0205781
711	3.9	0.0203699
711	4	0.0195781
711	4.1	0.0195781
711	4.2	0.02
711	4.3	0.0199831
711	4.4	0.0202025
711	4.5	0.0202025
711	4.6	0.0196343
711	4.7	0.0201055
711	4.8	0.0201055
711	4.9	0.0198987
711	5	0.0187173
721	0	0.03257
721	0.1	0.032552
721	0.2	0.0330832
721	0.3	0.0326144
721	0.4	0.0231928
721	0.5	0.0201553
721	0.6	0.0194924
721	0.7	0.0201401
721	0.8	0.0195118
721	0.9	0.0194993
721	1	0.0197337
721	1.1	0.0196103
721	1.2	0.0196241
721	1.3	0.0194508
721	1.4	0.020018
721	1.5	0.0198058
721	1.6	0.0198058
721	1.7	0.0212649
721	1.8	0.0195437
721	1.9	0.0199279
721	2	0.0199279
721	2.1	0.0193176
721	2.2	0.0190097
721	2.3	0.0198447
721	2.4	0.0198447
721	2.5	0.0195922
721	2.6	0.020294
721	2.7	0.0203065
721	2.8	0.0188308
721	2.9	0.0201096
721	3	0.0203107
721	3.1	0.0203121
721	3.2	0.0188779
721	3.3	0.0194563
721	3.4	0.0201026
721	3.5	0.0201026
721	3.6	0.0202691
721	3.7	0.019344
721	3.8	0.019344
721	3.9	0.0192621
721	4	0.0196921
721	4.1	0.0197087
721	4.2	0.0196713
721	4.3	0.0199917
721	4.4	0.0196852
721	4.5	0.0202871
721	4.6	0.0202871
721	4.7	0.0200153
721	4.8	0.0198793
721	4.9	0.0199695
721	5	0.0199695
731	0	0.0323119
731	0.1	0.0329111
731	0.2	0.0326813
731	0.3	0.0318509
731	0.4	0.0208755
731	0.5	0.0194692
731	0.6	0.0195239
731	0.7	0.0192859
731	0.8	0.0193338
731	0.9	0.0195937
731	1	0.0196361
731	1.1	0.0202339
731	1.2	0.0197579
731	1.3	0.0193393
731	1.4	0.0193242
731	1.5	0.0196867
731	1.6	0.0201094
731	1.7	0.0201094
731	1.8	0.0201313
731	1.9	0.0199398
731	2	0.0196607
731	2.1	0.0196607
731	2.2	0.0199795
731	2.3	0.0199822
731	2.4	0.0200109
731	2.5	0.0200123
731	2.6	0.020119
731	2.7	0.0199001
731	2.8	0.0199001
731	2.9	0.0200711
731	3	0.019643
731	3.1	0.0198769
731	3.2	0.0198837
731	3.3	0.0200096
731	3.4	0.0195759
731	3.5	0.0198399
731	3.6	0.0198399
731	3.7	0.020435
731	3.8	0.0193858
731	3.9	0.0201218
731	4	0.0201218
731	4.1	0.0189959
731	4.2	0.0204501
731	4.3	0.0204378
731	4.4	0.0204856
731	4.5	0.0201327
731	4.6	0.0199015
731	4.7	0.0199015
731	4.8	0.0188331
731	4.9	0.0201806
731	5	0.0203338
741	0	0.0338003
741	0.1	0.0331768
741	0.2	0.0332281
741	0.3	0.0309312
741	0.4	0.0231633
741	0.5	0.0193374
741	0.6	0.0193536
741	0.7	0.019471
741	0.8	0.019641
741	0.9	0.01961
741	1	0.0191619
741	1.1	0.0191619
741	1.2	0.0192483
741	1.3	0.0189001
741	1.4	0.0193509
741	1.5	0.0194332
741	1.6	0.0192078
741	1.7	0.0194669
741	1.8	0.019498
741	1.9	0.0193954
741	2	0.0198731
741	2.1	0.0193495
741	2.2	0.0193765
741	2.3	0.0193968
741	2.4	0.019475
741	2.5	0.0199649
741	2.6	0.0199649
741	2.7	0.0197962
741	2.8	0.0196964
741	2.9	0.0199123
741	3	0.0199231
741	3.1	0.019471
741	3.2	0.0203131
741	3.3	0.0203131
741	3.4	0.019525
741	3.5	0.0201471
741	3.6	0.0197706
741	3.7	0.0197706
741	3.8	0.0205344
741	3.9	0.0194076
741	4	0.0201903
741	4.1	0.0201903
741	4.2	0.0199352
741	4.3	0.0203954
741	4.4	0.0203954
741	4.5	0.0194561
741	4.6	0.0191781
741	4.7	0.0198435
741	4.8	0.0198435
741	4.9	0.0198934
741	5	0.0207638
751	0	0.0328123
751	0.1	0.0328083
751	0.2	0.0326032
751	0.3	0.0298189
751	0.4	0.0221052
751	0.5	0.0194807
751	0.6	0.0194368
751	0.7	0.0191292
751	0.8	0.0191744
751	0.9	0.0197736
751	1	0.019285
751	1.1	0.0195885
751	1.2	0.0196431
751	1.3	0.0196738
751	1.4	0.0199121
751	1.5	0.0198495
751	1.6	0.0198495
751	1.7	0.020024
751	1.8	0.0196511
751	1.9	0.0196525
751	2	0.0198975
751	2.1	0.0196365
751	2.2	0.0196818
751	2.3	0.0196818
751	2.4	0.0185659
751	2.5	0.0202197
751	2.6	0.0197883
751	2.7	0.0198336
751	2.8	0.0197124
751	2.9	0.01998
751	3	0.0194953
751	3.1	0.0195246
751	3.2	0.0201079
751	3.3	0.0199747
751	3.4	0.0199747
751	3.5	0.0197617
751	3.6	0.0196445
751	3.7	0.019972
751	3.8	0.019972
751	3.9	0.0189747
751	4	0.0208748
751	4.1	0.0198455
751	4.2	0.0198695
751	4.3	0.0193915
751	4.4	0.0201877
751	4.5	0.0209734
751	4.6	0.0209734
751	4.7	0.0207297
751	4.8	0.0191225
751	4.9	0.0191225
751	5	0.0196671
761	0	0.0326899
761	0.1	0.0340302
761	0.2	0.033816
761	0.3	0.0281025
761	0.4	0.0207727
761	0.5	0.0199658
761	0.6	0.0199763
761	0.7	0.019753
761	0.8	0.0195072
761	0.9	0.0195322
761	1	0.0190131
761	1.1	0.0196386
761	1.2	0.0198883
761	1.3	0.0198883
761	1.4	0.0195992
761	1.5	0.019933
761	1.6	0.0189763
761	1.7	0.0189763
761	1.8	0.0195361
761	1.9	0.0197306
761	2	0.0201419
761	2.1	0.0201419
761	2.2	0.0194139
761	2.3	0.0194179
761	2.4	0.0194179
761	2.5	0.0206071
761	2.6	0.0202221
761	2.7	0.0199632
761	2.8	0.0199632
761	2.9	0.0188804
761	3	0.0192996
761	3.1	0.0195335
761	3.2	0.0195756
761	3.3	0.0202576
761	3.4	0.0200526
761	3.5	0.0200526
761	3.6	0.0187832
761	3.7	0.0196439
761	3.8	0.0202523
761	3.9	0.0202523
761	4	0.0193311
761	4.1	0.0205953
761	4.2	0.0188568
761	4.3	0.0188568
761	4.4	0.0190158
761	4.5	0.0203916
761	4.6	0.0200959
761	4.7	0.0200959
761	4.8	0.0199671
761	4.9	0.0201078
761	5	0.0201078
771	0	0.032201
771	0.1	0.0322789
771	0.2	0.0334695
771	0.3	0.0261829
771	0.4	0.0206161
771	0.5	0.0195486
771	0.6	0.0192568
771	0.7	0.0192594
771	0.8	0.01962
771	0.9	0.0202451
771	1	0.0202296
771	1.1	0.0190182
771	1.2	0.0205149
771	1.3	0.0193502
771	1.4	0.0193502
771	1.5	0.0205525
771	1.6	0.0204241
771	1.7	0.0195798
771	1.8	0.0195564
771	1.9	0.0202283
771	2	0.0191725
771	2.1	0.0188223
771	2.2	0.0187899
771	2.3	0.0195071
771	2.4	0.0199066
771	2.5	0.0199546
771	2.6	0.0194202
771	2.7	0.0195136
771	2.8	0.0199974
771	2.9	0.0199974
771	3	0.0200026
771	3.1	0.0210506
771	3.2	0.0196926
771	3.3	0.0196926
771	3.4	0.0197562
771	3.5	0.0203178
771	3.6	0.0203178
771	3.7	0.0197704
771	3.8	0.0197639
771	3.9	0.0204527
771	4	0.0204527
771	4.1	0.0197185
771	4.2	0.0199974
771	4.3	0.0190817
771	4.4	0.0190817
771	4.5	0.0189092
771	4.6	0.0192892
771	4.7	0.0192892
771	4.8	0.0195746
771	4.9	0.0200389
771	5	0.0192283
781	0	0.0332202
781	0.1	0.0331204
781	0.2	0.0324661
781	0.3	0.0235621
781	0.4	0.020516
781	0.5	0.0194558
781	0.6	0.0197119
781	0.7	0.0190448
781	0.8	0.0190819
781	0.9	0.0194853
781	1	0.0196223
781	1.1	0.0196223
781	1.2	0.0196082
781	1.3	0.0197606
781	1.4	0.0193611
781	1.5	0.019402
781	1.6	0.0196453
781	1.7	0.019096
781	1.8	0.0195903
781	1.9	0.0195903
781	2	0.0186671
781	2.1	0.0194891
781	2.2	0.0194776
781	2.3	0.0203137
781	2.4	0.019589
781	2.5	0.0204341
781	2.6	0.0204341
781	2.7	0.0198425
781	2.8	0.0202151
781	2.9	0.0196364
781	3	0.0196095
781	3.1	0.0196236
781	3.2	0.0193675
781	3.3	0.0190602
781	3.4	0.0190602
781	3.5	0.0198899
781	3.6	0.0200922
781	3.7	0.0200922
781	3.8	0.0190512
781	3.9	0.0203252
781	4	0.0202087
781	4.1	0.0202087
781	4.2	0.0188809
781	4.3	0.0200871
781	4.4	0.0190192
781	4.5	0.0190192
781	4.6	0.0191997
781	4.7	0.0200051
781	4.8	0.0200051
781	4.9	0.0196645
781	5	0.0191946
791	0	0.0325133
791	0.1	0.032512
791	0.2	0.0323439
791	0.3	0.0231454
791	0.4	0.0205714
791	0.5	0.0206397
791	0.6	0.0198078
791	0.7	0.0187307
791	0.8	0.019196
791	0.9	0.0192364
791	1	0.0203198
791	1.1	0.0194602
791	1.2	0.0194324
791	1.3	0.019225
791	1.4	0.0193388
791	1.5	0.019244
791	1.6	0.019244
791	1.7	0.0198053
791	1.8	0.0194159
791	1.9	0.0195613
791	2	0.0195386
791	2.1	0.0194855
791	2.2	0.0196435
791	2.3	0.0196435
791	2.4	0.0191833
791	2.5	0.019244
791	2.6	0.0198142
791	2.7	0.0198066
791	2.8	0.0190493
791	2.9	0.0197649
791	3	0.0191858
791	3.1	0.0191745
791	3.2	0.0192389
791	3.3	0.0197408
791	3.4	0.0195651
791	3.5	0.0195651
791	3.6	0.0194387
791	3.7	0.0201922
791	3.8	0.0201922
791	3.9	0.0201214
791	4	0.0189962
791	4.1	0.0193502
791	4.2	0.0193502
791	4.3	0.0189317
791	4.4	0.0192364
791	4.5	0.0200506
791	4.6	0.0200506
791	4.7	0.0189292
791	4.8	0.0194501
791	4.9	0.0188559
791	5	0.0188559
801	0	0.0341698
801	0.1	0.0329738
801	0.2	0.0314007
801	0.3	0.0246479
801	0.4	0.019382
801	0.5	0.0192659
801	0.6	0.0192409
801	0.7	0.019628
801	0.8	0.0199101
801	0.9	0.0201486
801	1	0.0201398
801	1.1	0.0197541
801	1.2	0.0194232
801	1.3	0.0194482
801	1.4	0.0190549
801	1.5	0.0187216
801	1.6	0.0186454
801	1.7	0.0186454
801	1.8	0.0193071
801	1.9	0.0188027
801	2	0.0192422
801	2.1	0.0192422
801	2.2	0.0191099
801	2.3	0.0193146
801	2.4	0.0198352
801	2.5	0.0198277
801	2.6	0.0196579
801	2.7	0.0194257
801	2.8	0.0194257
801	2.9	0.0183933
801	3	0.01904
801	3.1	0.0180824
801	3.2	0.0180774
801	3.3	0.0197978
801	3.4	0.0195868
801	3.5	0.0191236
801	3.6	0.0191236
801	3.7	0.0192547
801	3.8	0.0188702
801	3.9	0.0186217
801	4	0.0186217
801	4.1	0.0190387
801	4.2	0.0201561
801	4.3	0.0201561
801	4.4	0.0204544
801	4.5	0.0198589
801	4.6	0.0197491
801	4.7	0.0197491
801	4.8	0.0195593
801	4.9	0.0192035
801	5	0.0189501
811	0	0.0338841
811	0.1	0.0325154
811	0.2	0.0300654
811	0.3	0.022365
811	0.4	0.0192429
811	0.5	0.0189433
811	0.6	0.0191282
811	0.7	0.0191282
811	0.8	0.0192441
811	0.9	0.0196683
811	1	0.0197053
811	1.1	0.0197053
811	1.2	0.0196276
811	1.3	0.0197805
811	1.4	0.0195783
811	1.5	0.0195623
811	1.6	0.0191097
811	1.7	0.0199778
811	1.8	0.0199766
811	1.9	0.0201418
811	2	0.0197361
811	2.1	0.0198952
811	2.2	0.0198952
811	2.3	0.0188372
811	2.4	0.0197633
811	2.5	0.0203785
811	2.6	0.0203785
811	2.7	0.019783
811	2.8	0.0192232
811	2.9	0.0194735
811	3	0.0194698
811	3.1	0.0195302
811	3.2	0.0194118
811	3.3	0.0194118
811	3.4	0.0200037
811	3.5	0.0201258
811	3.6	0.019767
811	3.7	0.019767
811	3.8	0.0188767
811	3.9	0.0198052
811	4	0.0201603
811	4.1	0.0201603
811	4.2	0.0185253
811	4.3	0.0194969
811	4.4	0.0193218
811	4.5	0.0193218
811	4.6	0.0190185
811	4.7	0.0190469
811	4.8	0.0190469
811	4.9	0.0190308
811	5	0.0187633
821	0	0.0344896
821	0.1	0.0344665
821	0.2	0.0286309
821	0.3	0.0210097
821	0.4	0.0190305
821	0.5	0.0190134
821	0.6	0.0190317
821	0.7	0.0198136
821	0.8	0.0198027
821	0.9	0.0197722
821	1	0.0184811
821	1.1	0.0190646
821	1.2	0.0190609
821	1.3	0.0191815
821	1.4	0.0190414
821	1.5	0.0189318
821	1.6	0.0189318
821	1.7	0.019771
821	1.8	0.0195895
821	1.9	0.0194823
821	2	0.0194823
821	2.1	0.0187503
821	2.2	0.0194482
821	2.3	0.0194482
821	2.4	0.0203861
821	2.5	0.0189927
821	2.6	0.0200658
821	2.7	0.0200658
821	2.8	0.0205615
821	2.9	0.0193569
821	3	0.0189111
821	3.1	0.0189099
821	3.2	0.0191523
821	3.3	0.0190987
821	3.4	0.0194361
821	3.5	0.0194361
821	3.6	0.0200804
821	3.7	0.0198636
821	3.8	0.0198636
821	3.9	0.0184543
821	4	0.0199196
821	4.1	0.0204495
821	4.2	0.0204495
821	4.3	0.0196699
821	4.4	0.0200901
821	4.5	0.0195834
821	4.6	0.0195834
821	4.7	0.018821
821	4.8	0.0192241
821	4.9	0.0195055
821	5	0.0195055
831	0	0.0352455
831	0.1	0.0350168
831	0.2	0.0269374
831	0.3	0.0191961
831	0.4	0.0194561
831	0.5	0.0194765
831	0.6	0.0195704
831	0.7	0.0195066
831	0.8	0.0202202
831	0.9	0.0199807
831	1	0.0200084
831	1.1	0.0200253
831	1.2	0.0196438
831	1.3	0.0194525
831	1.4	0.0194537
831	1.5	0.0196041
831	1.6	0.0189097
831	1.7	0.0189097
831	1.8	0.0192659
831	1.9	0.0196847
831	2	0.0200253
831	2.1	0.0200253
831	2.2	0.0198472
831	2.3	0.0197738
831	2.4	0.0195728
831	2.5	0.0195728
831	2.6	0.0197786
831	2.7	0.0199122
831	2.8	0.0199122
831	2.9	0.0203189
831	3	0.0191179
831	3.1	0.019012
831	3.2	0.019012
831	3.3	0.0196486
831	3.4	0.0187822
831	3.5	0.0204477
831	3.6	0.0204477
831	3.7	0.0191841
831	3.8	0.0197545
831	3.9	0.0198833
831	4	0.0198833
831	4.1	0.0198039
831	4.2	0.0201468
831	4.3	0.0201468
831	4.4	0.0194874
831	4.5	0.0193827
831	4.6	0.0198989
831	4.7	0.0198989
831	4.8	0.0190542
831	4.9	0.0197954
831	5	0.0190156
841	0	0.0331998
841	0.1	0.0337289
841	0.2	0.0243353
841	0.3	0.0196754
841	0.4	0.0194816
841	0.5	0.0190702
841	0.6	0.0200571
841	0.7	0.0200488
841	0.8	0.0188383
841	0.9	0.0185922
841	1	0.0190595
841	1.1	0.0190595
841	1.2	0.01939
841	1.3	0.018824
841	1.4	0.01878
841	1.5	0.01878
841	1.6	0.0199845
841	1.7	0.018918
841	1.8	0.0195137
841	1.9	0.0194721
841	2	0.01983
841	2.1	0.0191308
841	2.2	0.0191308
841	2.3	0.0191391
841	2.4	0.0194566
841	2.5	0.0192045
841	2.6	0.0192045
841	2.7	0.0194114
841	2.8	0.0195089
841	2.9	0.0194352
841	3	0.0194352
841	3.1	0.01944
841	3.2	0.0194685
841	3.3	0.0189964
841	3.4	0.0189964
841	3.5	0.0188359
841	3.6	0.0194982
841	3.7	0.0194982
841	3.8	0.0198823
841	3.9	0.0192687
841	4	0.0192937
841	4.1	0.0192937
841	4.2	0.0190927
841	4.3	0.0190606
841	4.4	0.0194495
841	4.5	0.0194495
841	4.6	0.0184982
841	4.7	0.0200238
841	4.8	0.0200238
841	4.9	0.0198181
841	5	0.019736
851	0	0.0339965
851	0.1	0.0334172
851	0.2	0.0214841
851	0.3	0.0196228
851	0.4	0.0193866
851	0.5	0.0194183
851	0.6	0.0198143
851	0.7	0.0205734
851	0.8	0.0209589
851	0.9	0.0209976
851	1	0.0195781
851	1.1	0.0202139
851	1.2	0.0202444
851	1.3	0.0201187
851	1.4	0.0188942
851	1.5	0.0197286
851	1.6	0.0197286
851	1.7	0.0194677
851	1.8	0.0202738
851	1.9	0.0189495
851	2	0.0189495
851	2.1	0.019926
851	2.2	0.0201081
851	2.3	0.0199965
851	2.4	0.0199965
851	2.5	0.0198637
851	2.6	0.0187685
851	2.7	0.0187685
851	2.8	0.0201387
851	2.9	0.0203243
851	3	0.0192961
851	3.1	0.0192961
851	3.2	0.0203843
851	3.3	0.0189624
851	3.4	0.0194606
851	3.5	0.0194606
851	3.6	0.0198519
851	3.7	0.0189201
851	3.8	0.0194148
851	3.9	0.0194148
851	4	0.0204712
851	4.1	0.0196604
851	4.2	0.0196604
851	4.3	0.0195535
851	4.4	0.0184207
851	4.5	0.0194865
851	4.6	0.0194865
851	4.7	0.019134
851	4.8	0.0192233
851	4.9	0.0194148
851	5	0.0194148
861	0	0.0350848
861	0.1	0.0331196
861	0.2	0.0242764
861	0.3	0.0184576
861	0.4	0.0198688
861	0.5	0.0192381
861	0.6	0.0192439
861	0.7	0.0204959
861	0.8	0.0192578
861	0.9	0.0196098
861	1	0.0196249
861	1.1	0.020065
861	1.2	0.019072
861	1.3	0.019784
861	1.4	0.0198026
861	1.5	0.0189721
861	1.6	0.0196249
861	1.7	0.0192822
861	1.8	0.0192822
861	1.9	0.0199605
861	2	0.0196458
861	2.1	0.0196458
861	2.2	0.0198026
861	2.3	0.0194146
861	2.4	0.0188235
861	2.5	0.0188235
861	2.6	0.0195087
861	2.7	0.0197085
861	2.8	0.0192718
861	2.9	0.0192718
861	3	0.0195157
861	3.1	0.0194785
861	3.2	0.019885
861	3.3	0.019885
861	3.4	0.0195668
861	3.5	0.0190302
861	3.6	0.0190302
861	3.7	0.0185656
861	3.8	0.0186864
861	3.9	0.0198966
861	4	0.0198966
861	4.1	0.0196969
861	4.2	0.020036
861	4.3	0.0192706
861	4.4	0.0192706
861	4.5	0.0197352
861	4.6	0.0192439
861	4.7	0.0189443
861	4.8	0.0189443
861	4.9	0.0197236
861	5	0.0188641
871	0	0.0337509
871	0.1	0.0328427
871	0.2	0.0229104
871	0.3	0.0188507
871	0.4	0.0188243
871	0.5	0.0200459
871	0.6	0.0203846
871	0.7	0.0189196
871	0.8	0.0189196
871	0.9	0.0195224
871	1	0.0193042
871	1.1	0.0207245
871	1.2	0.0206831
871	1.3	0.019008
871	1.4	0.0195878
871	1.5	0.0195878
871	1.6	0.0195109
871	1.7	0.0183341
871	1.8	0.0197222
871	1.9	0.0197589
871	2	0.0203938
871	2.1	0.0190413
871	2.2	0.0197945
871	2.3	0.0197945
871	2.4	0.0196005
871	2.5	0.0191148
871	2.6	0.0201251
871	2.7	0.0201251
871	2.8	0.0196315
871	2.9	0.0192181
871	3	0.0195534
871	3.1	0.0195534
871	3.2	0.0196751
871	3.3	0.0194535
871	3.4	0.0194535
871	3.5	0.0196544
871	3.6	0.0199288
871	3.7	0.0191906
871	3.8	0.0191906
871	3.9	0.0194478
871	4	0.0192055
871	4.1	0.0194317
871	4.2	0.0194317
871	4.3	0.0195419
871	4.4	0.0197474
871	4.5	0.0200735
871	4.6	0.0200735
871	4.7	0.0192813
871	4.8	0.0197141
871	4.9	0.0197141
871	5	0.0196395
881	0	0.0348944
881	0.1	0.0321215
881	0.2	0.0224597
881	0.3	0.01921
881	0.4	0.0203167
881	0.5	0.0199784
881	0.6	0.0199773
881	0.7	0.0196969
881	0.8	0.0199648
881	0.9	0.0190851
881	1	0.0190874
881	1.1	0.0194733
881	1.2	0.0194767
881	1.3	0.0194767
881	1.4	0.0191748
881	1.5	0.0194654
881	1.6	0.0200034
881	1.7	0.0200034
881	1.8	0.0195096
881	1.9	0.0194904
881	2	0.0198048
881	2.1	0.0198048
881	2.2	0.0196969
881	2.3	0.0194075
881	2.4	0.0205221
881	2.5	0.0205221
881	2.6	0.0194472
881	2.7	0.0193621
881	2.8	0.0191373
881	2.9	0.0191373
881	3	0.0195494
881	3.1	0.0190102
881	3.2	0.0190102
881	3.3	0.0199035
881	3.4	0.0203802
881	3.5	0.0195289
881	3.6	0.0195289
881	3.7	0.0194234
881	3.8	0.0190874
881	3.9	0.0190885
881	4	0.0190885
881	4.1	0.0193451
881	4.2	0.02042
881	4.3	0.0197321
881	4.4	0.0197321
881	4.5	0.0191555
881	4.6	0.0199353
881	4.7	0.0189319
881	4.8	0.0189319
881	4.9	0.0191759
881	5	0.0199569
891	0	0.0342828
891	0.1	0.0313704
891	0.2	0.0216723
891	0.3	0.0199035
891	0.4	0.0198844
891	0.5	0.0190527
891	0.6	0.0192559
891	0.7	0.0192492
891	0.8	0.0192492
891	0.9	0.0193255
891	1	0.0203838
891	1.1	0.0195758
891	1.2	0.0195354
891	1.3	0.0194231
891	1.4	0.019862
891	1.5	0.019862
891	1.6	0.0188159
891	1.7	0.0196218
891	1.8	0.0195185
891	1.9	0.0195253
891	2	0.0196083
891	2.1	0.0195455
891	2.2	0.0192682
891	2.3	0.0192682
891	2.4	0.0197957
891	2.5	0.019349
891	2.6	0.0184299
891	2.7	0.0184299
891	2.8	0.019725
891	2.9	0.0185499
891	3	0.0185499
891	3.1	0.0196756
891	3.2	0.0189506
891	3.3	0.0196027
891	3.4	0.0196027
891	3.5	0.019963
891	3.6	0.0199506
891	3.7	0.0197127
891	3.8	0.0197127
891	3.9	0.0197969
891	4	0.0191672
891	4.1	0.0191167
891	4.2	0.0191167
891	4.3	0.0192233
891	4.4	0.0196162
891	4.5	0.0193648
891	4.6	0.0193648
891	4.7	0.0192997
891	4.8	0.0200999
891	4.9	0.0200999
891	5	0.0203917
901	0	0.0363563
901	0.1	0.0282619
901	0.2	0.0203052
901	0.3	0.019727
901	0.4	0.0200821
901	0.5	0.018444
901	0.6	0.018444
901	0.7	0.0188968
901	0.8	0.0198213
901	0.9	0.0188824
901	1	0.0188824
901	1.1	0.0199179
901	1.2	0.0191776
901	1.3	0.0196382
901	1.4	0.019616
901	1.5	0.0193585
901	1.6	0.0203341
901	1.7	0.0203341
901	1.8	0.0195716
901	1.9	0.0191243
901	2	0.0199956
901	2.1	0.0199956
901	2.2	0.0197236
901	2.3	0.0197847
901	2.4	0.0206759
901	2.5	0.0206759
901	2.6	0.0200777
901	2.7	0.0196792
901	2.8	0.0206082
901	2.9	0.0206082
901	3	0.0200422
901	3.1	0.0189589
901	3.2	0.0189589
901	3.3	0.0194029
901	3.4	0.019475
901	3.5	0.0196171
901	3.6	0.0196171
901	3.7	0.0193651
901	3.8	0.0197636
901	3.9	0.0191143
901	4	0.0191143
901	4.1	0.0196659
901	4.2	0.0198457
901	4.3	0.0189856
901	4.4	0.0189856
901	4.5	0.0195938
901	4.6	0.0199667
901	4.7	0.0197159
901	4.8	0.0197159
901	4.9	0.0194784
901	5	0.019172
911	0	0.0351471
911	0.1	0.0268957
911	0.2	0.0195752
911	0.3	0.0200944
911	0.4	0.0201196
911	0.5	0.0201317
911	0.6	0.018955
911	0.7	0.0202821
911	0.8	0.0202821
911	0.9	0.0199901
911	1	0.0195565
911	1.1	0.0181054
911	1.2	0.0181449
911	1.3	0.0196817
911	1.4	0.0197344
911	1.5	0.0197344
911	1.6	0.0194259
911	1.7	0.0191723
911	1.8	0.0188793
911	1.9	0.0188804
911	2	0.0197805
911	2.1	0.0188584
911	2.2	0.0198353
911	2.3	0.0198353
911	2.4	0.0201679
911	2.5	0.0199243
911	2.6	0.0205291
911	2.7	0.0205291
911	2.8	0.0202711
911	2.9	0.0192151
911	3	0.0194193
911	3.1	0.0194193
911	3.2	0.0195906
911	3.3	0.0192788
911	3.4	0.0192788
911	3.5	0.0194029
911	3.6	0.0191526
911	3.7	0.0193908
911	3.8	0.0193908
911	3.9	0.0194391
911	4	0.0205488
911	4.1	0.0200384
911	4.2	0.0200384
911	4.3	0.0191921
911	4.4	0.0199956
911	4.5	0.0190033
911	4.6	0.0190033
911	4.7	0.0195939
911	4.8	0.0195467
911	4.9	0.0188024
911	5	0.0188024
921	0	0.0340717
921	0.1	0.0242834
921	0.2	0.0191683
921	0.3	0.0196851
921	0.4	0.0193084
921	0.5	0.0192932
921	0.6	0.0192932
921	0.7	0.0204636
921	0.8	0.0188328
921	0.9	0.0195494
921	1	0.0195494
921	1.1	0.0200358
921	1.2	0.0197828
921	1.3	0.0199457
921	1.4	0.0199392
921	1.5	0.0199207
921	1.6	0.0186623
921	1.7	0.0186623
921	1.8	0.0198458
921	1.9	0.0194278
921	2	0.0194647
921	2.1	0.0194647
921	2.2	0.0189761
921	2.3	0.0198969
921	2.4	0.019354
921	2.5	0.019354
921	2.6	0.019709
921	2.7	0.0196232
921	2.8	0.0190423
921	2.9	0.0190423
921	3	0.0193409
921	3.1	0.0202063
921	3.2	0.0199696
921	3.3	0.0199696
921	3.4	0.0182758
921	3.5	0.0194723
921	3.6	0.0194723
921	3.7	0.0196113
921	3.8	0.0199642
921	3.9	0.0193236
921	4	0.0193236
921	4.1	0.0203702
921	4.2	0.0191824
921	4.3	0.0196004
921	4.4	0.0196004
921	4.5	0.0199045
921	4.6	0.0197253
921	4.7	0.0192953
921	4.8	0.0192953
921	4.9	0.0189772
921	5	0.0193051
931	0	0.0352524
931	0.1	0.0245639
931	0.2	0.0200612
931	0.3	0.0196799
931	0.4	0.0196939
931	0.5	0.0199828
931	0.6	0.0203244
931	0.7	0.0207347
931	0.8	0.0207347
931	0.9	0.0203255
931	1	0.0196917
931	1.1	0.019189
931	1.2	0.019217
931	1.3	0.0191805
931	1.4	0.0197078
931	1.5	0.0195371
931	1.6	0.0195371
931	1.7	0.0200752
931	1.8	0.0209377
931	1.9	0.0209377
931	2	0.0203362
931	2.1	0.0197497
931	2.2	0.0191869
931	2.3	0.0191869
931	2.4	0.0197401
931	2.5	0.019594
931	2.6	0.0194812
931	2.7	0.0194812
931	2.8	0.0196531
931	2.9	0.0203781
931	3	0.0196369
931	3.1	0.0196369
931	3.2	0.0196058
931	3.3	0.0193491
931	3.4	0.0197648
931	3.5	0.0197648
931	3.6	0.0193963
931	3.7	0.0195757
931	3.8	0.0195757
931	3.9	0.0198754
931	4	0.019696
931	4.1	0.0199592
931	4.2	0.0199592
931	4.3	0.019782
931	4.4	0.0197959
931	4.5	0.019522
931	4.6	0.019522
931	4.7	0.0199398
931	4.8	0.0191751
931	4.9	0.0195027
931	5	0.0195027
941	0	0.0348969
941	0.1	0.0236748
941	0.2	0.0207428
941	0.3	0.0207683
941	0.4	0.0192646
941	0.5	0.0192986
941	0.6	0.0192986
941	0.7	0.0203475
941	0.8	0.0196939
941	0.9	0.0196249
941	1	0.0196249
941	1.1	0.0196982
941	1.2	0.0190829
941	1.3	0.0207141
941	1.4	0.0207131
941	1.5	0.0190574
941	1.6	0.019848
941	1.7	0.0194591
941	1.8	0.0194867
941	1.9	0.0192136
941	2	0.0195473
941	2.1	0.0195473
941	2.2	0.0199777
941	2.3	0.0197609
941	2.4	0.0202455
941	2.5	0.0202455
941	2.6	0.0204485
941	2.7	0.0196429
941	2.8	0.0191211
941	2.9	0.0191211
941	3	0.0196578
941	3.1	0.0200032
941	3.2	0.0190808
941	3.3	0.0190808
941	3.4	0.0198618
941	3.5	0.0190744
941	3.6	0.0201849
941	3.7	0.0201849
941	3.8	0.019814
941	3.9	0.0194198
941	4	0.0194198
941	4.1	0.0192009
941	4.2	0.0200584
941	4.3	0.020475
941	4.4	0.020475
941	4.5	0.0196578
941	4.6	0.0200361
941	4.7	0.0196472
941	4.8	0.0196472
941	4.9	0.0184336
941	5	0.0192901
951	0	0.0333344
951	0.1	0.023306
951	0.2	0.0191798
951	0.3	0.020205
951	0.4	0.020286
951	0.5	0.0202681
951	0.6	0.0197045
951	0.7	0.0192576
951	0.8	0.0192576
951	0.9	0.0196404
951	1	0.0192271
951	1.1	0.0202219
951	1.2	0.0202282
951	1.3	0.0202871
951	1.4	0.020817
951	1.5	0.0206909
951	1.6	0.0206909
951	1.7	0.0200011
951	1.8	0.0194837
951	1.9	0.0203544
951	2	0.0203544
951	2.1	0.0193407
951	2.2	0.0199085
951	2.3	0.0194658
951	2.4	0.0194658
951	2.5	0.0201977
951	2.6	0.019204
951	2.7	0.019204
951	2.8	0.0190189
951	2.9	0.0199653
951	3	0.0195857
951	3.1	0.0195857
951	3.2	0.0207434
951	3.3	0.0197497
951	3.4	0.0191851
951	3.5	0.0191851
951	3.6	0.0193733
951	3.7	0.0199075
951	3.8	0.0190505
951	3.9	0.0190505
951	4	0.0192513
951	4.1	0.0193375
951	4.2	0.0195447
951	4.3	0.0195447
951	4.4	0.0194332
951	4.5	0.0197981
951	4.6	0.0197981
951	4.7	0.0202723
951	4.8	0.0198896
951	4.9	0.0206141
951	5	0.0206141
961	0	0.0345338
961	0.1	0.023204
961	0.2	0.019153
961	0.3	0.0191571
961	0.4	0.019975
961	0.5	0.0200479
961	0.6	0.0202112
961	0.7	0.0202466
961	0.8	0.0203163
961	0.9	0.0199563
961	1	0.0200926
961	1.1	0.0200926
961	1.2	0.0198033
961	1.3	0.0201894
961	1.4	0.0201894
961	1.5	0.0194672
961	1.6	0.0194027
961	1.7	0.0197399
961	1.8	0.0197523
961	1.9	0.0200499
961	2	0.0198241
961	2.1	0.0193871
961	2.2	0.0193871
961	2.3	0.0199407
961	2.4	0.0196899
961	2.5	0.0199906
961	2.6	0.0199906
961	2.7	0.0194755
961	2.8	0.0198897
961	2.9	0.0203059
961	3	0.0203059
961	3.1	0.0199188
961	3.2	0.019512
961	3.3	0.019512
961	3.4	0.0203725
961	3.5	0.0203725
961	3.6	0.0200302
961	3.7	0.0200302
961	3.8	0.0193444
961	3.9	0.0201103
961	4	0.0197471
961	4.1	0.0197471
961	4.2	0.0201613
961	4.3	0.0202383
961	4.4	0.0197908
961	4.5	0.0197908
961	4.6	0.0196368
961	4.7	0.0194787
961	4.8	0.0198481
961	4.9	0.0198481
961	5	0.0196483
971	0	0.0340031
971	0.1	0.0215129
971	0.2	0.0195098
971	0.3	0.0195829
971	0.4	0.0193069
971	0.5	0.0192976
971	0.6	0.0200463
971	0.7	0.0192698
971	0.8	0.02031
971	0.9	0.02031
971	1	0.0198054
971	1.1	0.019827
971	1.2	0.0205808
971	1.3	0.0205808
971	1.4	0.0199166
971	1.5	0.0200536
971	1.6	0.0194181
971	1.7	0.0194181
971	1.8	0.0198115
971	1.9	0.0200433
971	2	0.0200433
971	2.1	0.0199186
971	2.2	0.02
971	2.3	0.0201617
971	2.4	0.0201617
971	2.5	0.0190154
971	2.6	0.0193913
971	2.7	0.0201596
971	2.8	0.0201596
971	2.9	0.0196375
971	3	0.019966
971	3.1	0.0200906
971	3.2	0.0200906
971	3.3	0.0203028
971	3.4	0.0195242
971	3.5	0.0198733
971	3.6	0.0198733
971	3.7	0.0193975
971	3.8	0.0192987
971	3.9	0.0185798
971	4	0.0185798
971	4.1	0.0197745
971	4.2	0.0195561
971	4.3	0.0195561
971	4.4	0.0194006
971	4.5	0.0201452
971	4.6	0.0198424
971	4.7	0.0198424
971	4.8	0.0199609
971	4.9	0.0201246
971	5	0.0190844
981	0	0.0340785
981	0.1	0.0199643
981	0.2	0.019843
981	0.3	0.0204159
981	0.4	0.0204475
981	0.5	0.0194108
981	0.6	0.0193914
981	0.7	0.0200479
981	0.8	0.0200479
981	0.9	0.0188603
981	1	0.0201509
981	1.1	0.0201509
981	1.2	0.0191162
981	1.3	0.0196014
981	1.4	0.0203354
981	1.5	0.0203354
981	1.6	0.0203558
981	1.7	0.0192436
981	1.8	0.0201437
981	1.9	0.0201437
981	2	0.0202263
981	2.1	0.0190652
981	2.2	0.0198104
981	2.3	0.0198104
981	2.4	0.0191366
981	2.5	0.0204567
981	2.6	0.0193843
981	2.7	0.0193843
981	2.8	0.019368
981	2.9	0.0193405
981	3	0.0194322
981	3.1	0.0194322
981	3.2	0.020422
981	3.3	0.0193129
981	3.4	0.0193129
981	3.5	0.0190999
981	3.6	0.0190428
981	3.7	0.0200999
981	3.8	0.0200999
981	3.9	0.0203996
981	4	0.0203976
981	4.1	0.0198634
981	4.2	0.0198634
981	4.3	0.0194393
981	4.4	0.0193068
981	4.5	0.0193099
981	4.6	0.0193099
981	4.7	0.0189837
981	4.8	0.0206024
981	4.9	0.0197757
981	5	0.0197757
991	0	0.0347437
991	0.1	0.0203582
991	0.2	0.0198123
991	0.3	0.0202553
991	0.4	0.0204097
991	0.5	0.0198174
991	0.6	0.0198174
991	0.7	0.0201776
991	0.8	0.0193804
991	0.9	0.0203895
991	1	0.0203895
991	1.1	0.019662
991	1.2	0.0193764
991	1.3	0.0195025
991	1.4	0.0195025
991	1.5	0.0198648
991	1.6	0.0198527
991	1.7	0.0202038
991	1.8	0.0202059
991	1.9	0.0195479
991	2	0.0196458
991	2.1	0.0196458
991	2.2	0.0198113
991	2.3	0.0204107
991	2.4	0.019113
991	2.5	0.019113
991	2.6	0.019446
991	2.7	0.0195742
991	2.8	0.019328
991	2.9	0.019328
991	3	0.0198718
991	3.1	0.0197245
991	3.2	0.0200969
991	3.3	0.0200969
991	3.4	0.0190383
991	3.5	0.0196115
991	3.6	0.0194561
991	3.7	0.0194561
991	3.8	0.020329
991	3.9	0.0197639
991	4	0.0197639
991	4.1	0.0201201
991	4.2	0.0194743
991	4.3	0.0196367
991	4.4	0.0196367
991	4.5	0.0189788
991	4.6	0.0194914
991	4.7	0.0195237
991	4.8	0.0195237
991	4.9	0.0204127
991	5	0.0202603
1001	0	0.03502
1001	0.1	0.0201548
1001	0.2	0.0206733
1001	0.3	0.0196274
1001	0.4	0.02004
1001	0.5	0.020037
1001	0.6	0.0202088
1001	0.7	0.0203686
1001	0.8	0.0203686
1001	0.9	0.0198871
1001	1	0.0206783
1001	1.1	0.0198571
1001	1.2	0.0198571
1001	1.3	0.0192498
1001	1.4	0.0192977
1001	1.5	0.0192328
1001	1.6	0.0192328
1001	1.7	0.0198921
1001	1.8	0.0200589
1001	1.9	0.0201479
1001	2	0.0201479
1001	2.1	0.0206563
1001	2.2	0.0203876
1001	2.3	0.020012
1001	2.4	0.020012
1001	2.5	0.0197992
1001	2.6	0.0203387
1001	2.7	0.0203387
1001	2.8	0.0193137
1001	2.9	0.0195634
1001	3	0.0207383
1001	3.1	0.0207383
1001	3.2	0.0202348
1001	3.3	0.0197163
1001	3.4	0.0196294
1001	3.5	0.0196294
1001	3.6	0.0198012
1001	3.7	0.0205385
1001	3.8	0.0197403
1001	3.9	0.0197403
1001	4	0.0208402
1001	4.1	0.0201329
1001	4.2	0.0201329
1001	4.3	0.020018
1001	4.4	0.0191319
1001	4.5	0.0198911
1001	4.6	0.0198911
1001	4.7	0.0202238
1001	4.8	0.0203377
1001	4.9	0.0198641
1001	5	0.0198641
1011	0	0.0348783
1011	0.1	0.0202176
1011	0.2	0.0206251
1011	0.3	0.0206212
1011	0.4	0.0203699
1011	0.5	0.0208269
1011	0.6	0.0198467
1011	0.7	0.0198487
1011	0.8	0.0200831
1011	0.9	0.0197033
1011	1	0.0197033
1011	1.1	0.0200425
1011	1.2	0.0201058
1011	1.3	0.0195282
1011	1.4	0.0195282
1011	1.5	0.0192611
1011	1.6	0.0206133
1011	1.7	0.0199575
1011	1.8	0.0199575
1011	1.9	0.0197616
1011	2	0.0200979
1011	2.1	0.0197854
1011	2.2	0.0197854
1011	2.3	0.0195964
1011	2.4	0.0202502
1011	2.5	0.0197438
1011	2.6	0.0197438
1011	2.7	0.0195559
1011	2.8	0.0205173
1011	2.9	0.0205173
1011	3	0.0205064
1011	3.1	0.0195232
1011	3.2	0.0202957
1011	3.3	0.0202957
1011	3.4	0.0202127
1011	3.5	0.0198427
1011	3.6	0.0196113
1011	3.7	0.0196113
1011	3.8	0.0201474
1011	3.9	0.0203254
1011	4	0.0193788
1011	4.1	0.0193788
1011	4.2	0.0193027
1011	4.3	0.0212463
1011	4.4	0.0212463
1011	4.5	0.0191761
1011	4.6	0.0201078
1011	4.7	0.0197369
1011	4.8	0.0197369
1011	4.9	0.0196014
1011	5	0.0202572
1021	0	0.0290078
1021	0.1	0.0204123
1021	0.2	0.0195171
1021	0.3	0.0210333
1021	0.4	0.0198443
1021	0.5	0.0198384
1021	0.6	0.019904
1021	0.7	0.0197835
1021	0.8	0.0197336
1021	0.9	0.0197336
1021	1	0.0197718
1021	1.1	0.0201753
1021	1.2	0.0201753
1021	1.3	0.0203976
1021	1.4	0.0210127
1021	1.5	0.0202478
1021	1.6	0.0202478
1021	1.7	0.0207013
1021	1.8	0.0200255
1021	1.9	0.0199177
1021	2	0.0199177
1021	2.1	0.020095
1021	2.2	0.0203575
1021	2.3	0.0206229
1021	2.4	0.0206229
1021	2.5	0.0207963
1021	2.6	0.0204006
1021	2.7	0.019619
1021	2.8	0.019619
1021	2.9	0.0199696
1021	3	0.018954
1021	3.1	0.019665
1021	3.2	0.019665
1021	3.3	0.0192791
1021	3.4	0.0202233
1021	3.5	0.0202233
1021	3.6	0.0200588
1021	3.7	0.019669
1021	3.8	0.019619
1021	3.9	0.019619
1021	4	0.0198707
1021	4.1	0.0197786
1021	4.2	0.0198462
1021	4.3	0.0198462
1021	4.4	0.0198815
1021	4.5	0.0204398
1021	4.6	0.0197933
1021	4.7	0.0197933
1021	4.8	0.0189569
1021	4.9	0.0204016
1021	5	0.0209187
1031	0	0.0349486
1031	0.1	0.021937
1031	0.2	0.0206576
1031	0.3	0.0206576
1031	0.4	0.0205577
1031	0.5	0.0202638
1031	0.6	0.0199699
1031	0.7	0.0199699
1031	0.8	0.0199913
1031	0.9	0.0197177
1031	1	0.0201212
1031	1.1	0.0201212
1031	1.2	0.0203531
1031	1.3	0.0198623
1031	1.4	0.0204316
1031	1.5	0.0204316
1031	1.6	0.0208594
1031	1.7	0.0200039
1031	1.8	0.0198758
1031	1.9	0.0198758
1031	2	0.0200019
1031	2.1	0.0197013
1031	2.2	0.0197013
1031	2.3	0.0204927
1031	2.4	0.0192629
1031	2.5	0.0195946
1031	2.6	0.0195946
1031	2.7	0.020386
1031	2.8	0.0195063
1031	2.9	0.0202454
1031	3	0.0202454
1031	3.1	0.020097
1031	3.2	0.0191726
1031	3.3	0.0214442
1031	3.4	0.0214442
1031	3.5	0.0199273
1031	3.6	0.0199748
1031	3.7	0.0200495
1031	3.8	0.0200495
1031	3.9	0.0208206
1031	4	0.0210824
1031	4.1	0.0210824
1031	4.2	0.0207119
1031	4.3	0.0198632
1031	4.4	0.0203472
1031	4.5	0.0203472
1031	4.6	0.0203385
1031	4.7	0.0205887
1031	4.8	0.0206402
1031	4.9	0.0206402
1031	5	0.0199981
