64
64
64.192
64.377
64.827
65.296
66.171
67.096
68.085
69.257
70.638
72.377
74.298
75.641
77.408
79.307
81.192
82.716
84.587
86.102
88.186
90.425
92.031
93.273
95.497
97.455
99.878
101.525
103.523
105.524
107.565
109.487
111.443
113.921
115.63
118.066
120.025
122.828
125.581
128.232
129.85
131.976
135.134
137.318
139.777
141.824
144.9
146.901
150.074
152.074
155.543
158.165
160.529
163.256
166.754
168.728
172.538
174.436
176.833
180.474
184.337
186.048
189.474
192.157
195.257
199.592
199.618
204.777
207.002
212.209
212.596
217.275
219.957
223.476
225.38
229.078
233.04
235.715
239.087
242.014
244.892
249.602
251.449
255.694
258.35
263.149
265.168
269.616
271.947
275.567
278.341
281.734
285.7
289.35
292.211
295.75
298.806
301.46
305.332
309.983
312.354
314.778
319.324
322.273
326.69
329.174
332.937
336.755
339.485
342.724
346.56
351.851
354.178
356.407
360.77
364.011
367.747
371.479
374.25
377.934
381.291
384.642
388.418
392.168
395.12
398.195
402.34
406.494
408.938
412.905
414.9
419.772
422.38
426.4
430.733
433.466
437.868
441.069
445.118
449.396
453.451
460
466.419
467.229
474.189
479.177
482.402
486.626
489.306
494.118
495.671
501.653
502.916
506.033
510.045
513.091
515.445
522.968
523.612
530.239
534.497
540.098
540.951
544.209
550.945
553.89
562.295
560.502
562.831
567.968
564.374
560.352
568.893
569.436
573.76
576.348
574.416
577.996
578.695
582.742
582.749
590.616
590.111
591.615
595.474
602.386
605.313
606.194
610.667
618.793
619.562
616.659
627.679
636.316
639.426
644.519
652.374
662.865
664.512
679.882
685.346
691.808
706.482
717.463
732.014
724.966
752.785
753.179
775.681
779.731
794.435
810.033
824.399
825.732
852.799
864.885
860.846
889.977
894.444
909.653
919.1
925.487
938.105
953.703
971.782
975.44
987.76
1002.92
997.829
1015.58
1028.89
1034.05
1044.23
1049.53
1067.39
1067.92
1076.63
1080.9
1095.41
1098.68
1113.91
1114.2
1114.14
1131.99
1128.5
1147.54
1147.3
1149.31
1155.44
1168.38
1179.55
1187.97
1184.16
1193.41
1198.15
1205.73
1209.87
1220.24
1220.84
1216.86
1235.61
1232.54
1238.34
1249.15
1259.66
1255.74
1265.92
1268.07
1274.25
1275.67
1281.98
1287.87
1293.12
1306.09
1305.77
1303.25
1317.34
1318.63
1330.69
1327.11
1338.2
1340.08
1336.52
1352.77
1359.66
1365.34
1365.63
1378.53
1380.48
1386.51
1396.21
1400.3
1395.32
1405.62
1409.68
1415.38
1419.83
1425.93
1434.13
1431.17
1436.2
1451.91
1452.11
1464.76
1466.08
1463.18
1479.02
1482.77
1483.7
1491.18
1507.04
1501.89
1512.27
1507.37
1525.79
1520.44
1534.9
1535.73
1547.48
1538.66
1555.43
1559.12
1565.39
1566.71
1572.41
1581.44
1582.51
1588.36
1588.45
1597.44
1605.06
1607.51
1611.3
1622.64
1629.65
1637.13
1636.37
1650.83
1648.03
1656.02
1658.71
1653.81
1668.05
1674.83
1681.97
1690.89
1686.63
1709.47
1708.87
1700.38
1705.29
1714.17
1722.1
1733.07
1729.3
1731.13
1740.46
1750.11
1758.98
1758
1757.42
1770.2
1773.24
1771.95
1790.32
1782.38
1788.12
1800.02
1803.81
1815.22
1811.74
1821.12
1819.77
1830.52
1837.01
1839.07
1841.06
1849.93
1861.92
1862.88
1871.1
1874.65
1884.76
1879.06
1884.21
1886.28
1898.42
1900.7
1909.42
1912.83
1923.45
1916.28
1925.38
1934.98
1935.89
1946.35
1941.67
1948.84
1949.68
1953.19
1961.57
1965.96
1980.04
1974.42
1977.31
1983.66
1996.36
1995.84
2013.58
2014.77
2011.41
2022.93
2035.14
2032.5
2045
2046.38
2045.81
2057.31
2055.81
2059.6
2067.18
2072.47
2078.3
2089.49
2086.42
2084.14
2099.02
2100.01
2108.93
2118.16
2118.23
2127.19
2132.82
2126.18
2123.78
2136.46
2146.21
2142.51
2158.43
2150.11
2163.69
2163.25
2170.12
2182.46
2189.53
2175.57
2200.11
2192.72
2211.18
2235.36
2231.46
2247.37
2242.54
2266.11
2256.77
2262.12
2281.74
2282.27
2279.93
2282.68
2285.96
2283.88
2292.92
2311.9
2305.23
2325.37
2326.53
2324.85
2331.3
2344.24
2340.66
2341.58
2347.55
2343.64
2365.63
2371.84
2367.6
2376.26
2389.5
2382.46
2384.8
2394.87
2395.88
2402.13
2405.94
2413.86
2427.66
2424.19
2423.49
2447.79
2443.33
2454.3
2440.61
2453.51
2462.57
2463.96
2469.46
2454.82
2454.59
2473.66
2482.97
2479.65
2493.45
2501.02
2500.25
2501.21
2510.75
2506.45
2504.49
2515.9
2527.84
2525.25
2535.31
2533.3
2531.84
2534.43
2540.39
2548.21
2544.41
2539.84
2549.78
2539.05
2515.29
2483.18
2442.79
2419.08
2368.36
2327.77
2318.11
2309.25
2304.76
2299.13
2289.73
2291.05
2281.04
2263.76
2251.58
2238.28
2222.61
2222.12
2206.51
2200.7
2190.08
2182.04
2185.48
2186.48
2193.04
2192.12
2200.95
2219.96
2231.56
2244.84
2243.76
2273.95
2310.86
2315.12
2326.87
2342.89
2347.87
2355.78
2357.05
2366.8
2371.79
2369.17
2369.63
2357.39
2358.38
2356.65
2350.86
2348.01
2353.22
2354.58
2307.32
2304.89
2301.65
2304.06
2296.53
2313.54
2312.07
2304.17
2312.86
2308.16
2308.17
2300.67
2300.59
2306.3
2306.52
2313.92
2311.14
2315.13
2314.87
2323.14
2322.26
2322.81
2322.87
2327.97
2327.61
2331.67
2336.24
2333.8
2336.89
2348.39
2341.84
2348.2
2343.13
2349.94
2354.41
2348.82
2352.61
2358.19
2363.34
2360.39
2372.12
2373.22
2379.21
2378.03
2385.7
2384.86
2390.44
2391.3
2397.9
2400.38
2405.4
2409.89
2413.95
2416.68
2420.23
2428.58
2425.27
2428.63
2432.25
2435.52
2439.55
2446.13
2445.55
2449.31
2452.7
2452.56
2459.49
2465.73
2468.53
2471.74
2476.64
2475.57
2486.09
2488.41
2488.95
2492.06
2496.24
2500.74
2506.32
2505.61
2508.25
2517.22
2516.21
2522.71
2524.76
2529.18
2533.39
2539.18
2541.42
2541.29
2550.01
2550.16
2554.99
2561.36
2563.89
2565.54
2569.82
2573.08
2573.52
2584.3
2586.01
2586.41
2592
2594
2598.32
2604.85
2606.23
2607.84
2616.51
2621.3
2618.2
2625.33
2628.59
2629.58
2635.78
2639.51
2641.47
2642.12
2648.76
2651.15
2654.39
2660.87
2664.12
2665.1
2670.12
2672.86
2676.31
2683.84
2685.26
2690.58
2697.55
2695.3
2701.87
2706.07
2708.93
2708.92
2715.13
2718.95
2724.71
2727.14
2728.84
2733.44
2737.44
2741.78
2744.53
2749.54
2752.98
2754.56
2760.24
2764.89
2767.86
2770.46
2775.58
2778.35
2784.24
2786.53
2790.88
2796.62
2797.84
2802.88
2805.88
2808.94
2813.35
2821.66
2821.83
2827.53
2827.46
2831.64
2836.36
2839.02
2846.19
2848.53
2852.3
2853.35
2859.94
2866.58
2868.82
2880.66
2884.58
2884.78
2897.67
2895.18
2897.23
2912.37
2905.56
2912.21
2909.82
2911.09
2923.13
2930.1
2936.21
2933.08
2938.78
2944.5
2944.5
2955.74
2958.39
2959.91
2950.78
2965.12
2968.64
2972.2
2976.06
2978.95
2981.39
2982.11
2997.72
3001.56
3001.19
3007.96
3011.43
3016.45
3019.26
3021.07
3026.76
3023.56
3026.66
3032.59
3039.98
3043.4
3047.12
3057.35
3061.13
3057.49
3060.85
3071.02
3070.04
3078.86
3077.67
3077.67
3072.23
3083.47
3094.52
3096.67
3114.55
3109.94
3112.06
3114.96
3117.95
3120.59
3131.42
3134.2
3132.74
3131.61
3141.93
3143.99
3143.65
3145.09
3160.07
3159.37
3163.88
3175.17
3165.2
3178.61
3176.05
3181.3
3187.95
3198.93
3197.03
3201.38
3197.18
3201.68
3220.55
3207.94
3214.13
3219.47
3227.95
3229.9
3250.83
3258.49
3259.7
3276.42
3277.37
3259.74
3281.21
3291.52
3287.58
3297.63
3297.87
3307
3307.7
3311.45
3324.31
3328.2
3319.41
3329.78
3317.76
3339.75
3344.78
3349.35
3346.45
3355.68
3353.79
3369.25
3373.45
3371.9
3376.1
3392.72
3385.91
3397.18
3400.33
3414.28
3404.91
3408.86
3416.05
3431.9
3435.31
3435.31
3432.62
3450.75
3453.96
3452.13
3465.35
3465.58
3465.86
3474.51
3475.59
3485.65
3486.08
3496.52
3495.33
3510.09
3521.21
3514.31
3531.72
3521.3
3533.59
3538.95
3543.99
3546.91
3557.09
3560.41
3564.91
3569.42
3564.92
3577.78
3589.68
3588.07
3593.16
3598.98
3606
3603.12
3612.43
3630.04
3631.92
3631.17
3631.95
3638.58
3653.31
3650.21
3644.03
3654.26
3660.96
3677.46
3680.42
3684.62
3684.43
3697.08
3695.68
3699.95
3701.46
3713.58
3710.16
3719.72
3732.11
3730.96
3737.58
3749.46
3749.33
3745.22
3761.76
3763.89
3764.12
3770.11
3771.18
3774.23
3786.77
3795.28
3800.67
3806.86
3804.85
3807.95
3814.38
3817.81
3824.32
3819.09
3836.88
3836.32
3838.68
3843.59
3847.36
3852.46
3857.05
3863.87
3867.64
3872.45
3874.59
3880.67
3881.37
3890.58
3889.68
3896.01
3898.03
3904.51
3909.57
3914.89
3914.68
3922.16
3921.91
3935.72
3932.78
3936.72
3940.93
3948.2
3947.77
3952.66
3959.59
3960.64
3964.61
3969.13
3976.16
3979.53
3983.77
3987.56
3986.61
3992.62
4000.71