64
64
64.102
64.277
64.58
65.133
65.679
66.668
67.856
68.527
70.275
71.653
73.337
74.995
76.932
78.297
80.014
82.208
83.913
85.354
86.82
89.067
91.087
92.365
94.399
96.312
98.773
100.115
101.942
104.404
106.913
108.913
110.938
113.318
115.333
117.668
120.205
122.19
125.018
126.968
129.872
131.881
134.065
137.158
139.663
142.066
144.206
147.031
150.55
152.38
155.264
158.266
160.723
164.515
166.668
169.453
171.329
174.774
178.287
181.129
183.169
187.422
189.515
192.423
195.219
199.046
201.501
204.46
207.334
210.749
213.407
216.673
219.872
223.53
226.282
229.283
233.401
236.451
239.438
242.115
245.278
249.801
251.987
256.146
258.62
262.347
265.367
268.525
271.806
275.745
279.205
281.487
284.708
287.917
292.369
294.283
298.031
302.308
305.653
309.421
312.361
315.099
319.298
321.975
326.395
329.523
332.252
335.879
339.467
343.734
347.214
348.594
354.044
356.74
360.357
363.165
366.976
370.753
374.408
377.051
381.928
384.641
387.578
390.54
393.433
398.158
401.05
404.982
407.682
411.699
415.105
419.143
422.697
425.761
429.869
432.373
436.075
439.295
443.258
446.604
451.142
453.517
455.818
460.681
463.532
466.073
470.814
473.248
478.68
480.905
484.115
488.293
491.451
494.682
497.956
500.938
505.515
508.175
511.87
514.344
519.572
522.11
525.584
529.144
531.547
535.139
538.306
542.184
544.544
549.711
552.541
556.335
559.092
562.61
567.994
570.056
573.808
576.869
579.962
583.449
587.86
589.006
593.106
596.857
599.654
603.106
607.72
610.803
612.77
618.199
621.27
622.441
626.949
629.529
632.126
635.58
639.814
644.194
647.79
650.097
654.595
658.07
660.748
663.808
666.199
670.131
673.488
678.008
680.095
683.301
687.36
690.685
692.957
696.675
701.228
703.916
707.744
709.714
713.25
716.745
721.461
723.049
727.438
729.737
734.14
735.279
740.777
743.205
746.899
750.872
753.879
755.886
758.973
763.88
766.428
769.066
771.917
777.081
780.66
782.441
784.248
789.825
793.686
797.193
797.737
801.619
806.179
808.006
812.732
816.373
820.022
822.64
825.346
827.938
832.783
834.281
837.732
841.235
844.924
847.27
852.715
855.608
856.795
861.761
863.36
868.691
870.433
873.027
877.41
878.776
883.545
885.012
890.526
893.421
896.412
898.387
900.856
906.749
910.417
912.986
915.048
920.014
921.515
924.459
927.558
931.992
935.491
937.939
941.086
943.757
948.49
950.256
952.99
956.76
960.9
963.287
965.538
972.314
973.826
976.434
979.354
982.773
985.65
991.043
991.611
993.806
997.531
1001.44
1005.44
1007.28
1011.23
1012.08
1016.9
1020.44
1023.14
1026.97
1030.02
1031.06
1034.3
1038.85
1041.41
1046.25
1048.67
1051.14
1055.57
1059.18
1061.44
1063.71
1067.07
1073.93
1074.99
1076.29
1079.54
1081.84
1087.69
1090.25
1092.97
1097.26
1100.3
1102.69
1105.52
1109.88
1110.32
1115.23
1119.33
1119.99
1125.18
1126.45
1129.48
1134.24
1137.98
1140.73
1141.89
1148.15
1149.22
1151.65
1157.61
1158.94
1162.63
1164.65
1168.5
1171.42
1174.34
1179.14
1180.96
1184.63
1187.89
1191.39
1192.74
1196.78
1198.37
1203.3
1206.22
1209.15
1212.4
1216.56
1217.8
1220.45
1222.93
1227.76
1231.27
1234.81
1235
1240.59
1243.18
1246.12
1249.71
1251.69
1255.58
1259.56
1262.67
1262.92
1269.57
1271.77
1272.64
1275.49
1280.9
1282.34
1286.38
1290.49
1291.77
1297.14
1298.79
1301.87
1304.29
1308.3
1313.33
1313.35
1317.18
1321.64
1325.76
1326.06
1331.2
1333.28
1336.12
1340.02
1341.53
1344.44
1349.06
1351.56
1354.3
1357.46
1360.41
1363.8
1369.18
1370.14
1374.9
1376.98
1380.68
1385.56
1386.08
1388.81
1391.3
1396.31
1398.65
1402.09
1403.91
1406.82
1412.12
1415.9
1417.81
1420.03
1423.31
1427.77
1433.16
1435.4
1435.14
1439.16
1441.42
1444.7
1450.23
1450
1455.45
1457.45
1462.5
1463.47
1466.07
1471.42
1472.6
1476.32
1480.6
1482.01
1485.97
1489.28
1491.89
1493.56
1498.66
1503.8
1505.7
1507.47
1511.87
1515.21
1516.59
1522.94
1524.79
1525.46
1529.6
1530.41
1535.66
1538.54
1541.23
1546.51
1547.77
1550.87
1554.29
1555.94
1560.94
1564.94
1565.42
1568.39
1574.58
1576.85
1579.51
1580.09
1585.71
1587.56
1590.55
1595.86
1597.95
1602.83
1605.6
1607.21
1610.14
1611.7
1616.79
1622.74
1622.25
1624.88
1629.81
1634.14
1635.59
1640.75
1641.76
1642.65
1647.02
1651.26
1654.3
1658.52
1659.78
1664.63
1664.63
1671.07
1671.44
1674.18
1676.86
1680.63
1684.64
1689.24
1690.79
1696.72
1697.35
1703.66
1705.14
1705.1
1707.56
1712.37
1714.56
1718.7
1721.59
1725.94
1729.57
1728.77
1734.82
1739.45
1743.6
1742.45
1745.24
1749.39
1752.31
1756.52
1757.65
1764.25
1765.5
1770.51
1772.59
1774.78
1779.59
1778.66
1783.21
1785.49
1789.67
1792.93
1797.33
1800.6
1804.89
1805.09
1810.73
1812.4
1813.68
1816.75
1821.96
1822.15
1826.83
1828.74
1833.83
1834.51
1835.05
1841.44
1848.05
1848.73
1853.65
1851.7
1855.81
1858.28
1865.9
1867.98
1870.37
1873.35
1874.68
1883.4
1884.29
1887.84
1888
1889.85
1896.68
1897.1
1902.73
1901.9
1906.83
1910.63
1912.88
1916.51
1919.41
1921.98
1925.12
1927.41
1930.37
1931.57
1936.75
1941.95
1942.95
1950.74
1952.09
1953.46
1956.66
1961.37
1964.42
1965.91
1969.32
1975.05
1972.68
1980.37
1980.14
1983.56
1987.28
1988.17
1996.05
1998.79
1998.71
2004.65
2007.28
2008.64
2012.39
2014.47
2018.28
2019.58
2024.04
2027.27
2029.54
2030.89
2035.86
2037.29
2043.09
2045.79
2051.15
2051.1
2053.84
2057.32
2062.7
2064.15
2065.33
2069.97
2073.05
2074.67
2078.7
2081.25
2086.58
2088.58
2090.39
2096.26
2100.94
2101.3
2103.51
2108.09
2109.73
2109.52
2114.54
2122.28
2123.33
2124.12
2129.01
2133.04
2133.97
2138.08
2142.91
2143.89
2146.45
2150.41
2152.6
2156.03
2159.26
2162.2
2166.6
2168.37
2173.93
2175.16
2182.55
2180.1
2184.28
2190.04
2193.33
2198.12
2197.27
2199.28
2201.97
2205.89
2211.77
2209.36
2212.64
2222.28
2222.06
2220.65
2226.49
2231.1
2234.33
2237.78
2238.76
2241.81
2243.52
2249.98
2253.23
2255.86
2257.4
2264.09
2266.41
2266.59
2272.05
2272.69
2276.83
2278.2
2283.7
2285.25
2289.13
2290.53
2297.18
2296.69
2298.04
2305.86
2305.42
2310.12
2314.51
2318.09
2321.24
2322.14
2326.07
2325.83
2334.35
2333.77
2339.99
2344.66
2343.57
2346.09
2349.68
2355.4
2357.01
2359.59
2361.89
2362.84
2365.8
2372.61
2375.24
2376.22
2380.66
2386.09
2387.58
2389.66
2396.15
2395.82
2400.09
2400.02
2406.75
2413.19
2413.32
2415.37
2418.45
2419.43
2424.45
2427.11
2434.66
2436.79
2436.61
2439.51
2444.27
2446.34
2446.2
2450.85
2456.05
2457.53
2462.04
2467.3
2465.46
2470.2
2473.83
2476.4
2480.26
2482.98
2484.76
2489.31
2493.44
2494.28
2499.8
2504.21
2505.9
2506.24
2510.3
2513.25
2513.96
2519.75
2521.21
2522.66
2529.37
2529.87
2533.76
2538.34
2543.41
2545.75
2544.26
2550.95
2554.52
2554.46
2560.59
2560.97
2565.07
2567.92
2573.35
2574.49
2577.7
2581.41
2587.12
2589.75
2588.49
2595.55
2596.8
2603.83
2603.08
2605.79
2610.04
2612.65
2616.01
2620.36
2623.51
2626.31
2628.62
2633.07
2630.44
2636.2
2640.3
2643.76
2650.18
2649.81
2651.94
2657.87
2659.24
2663.42
2664.4
2669.38
2672.38
2672.35
2678.67
2682.88
2682.33
2683.38
2691.36
2694.87
2695.64
2702.02
2702.03
2699.31
2707.81
2711.91
2716.75
2718.13
2720.02
2722.34
2726.89
2728.49
2733.76
2734.62
2740.32
2743.15
2746.02
2746.72
2749.69
2756.66
2754.84
2761.82
2764.85
2767.52
2766.36
2772.75
2778.32
2780.15
2782.07
2787.93
2787.66
2795.27
2791.66
2795.46
2802.16
2798.51
2809.59
2808.15
2813.69
2813.62
2817.84
2822.93
2820.89
2830.55
2834.66
2833.37
2836.71
2838.39
2842.72
2844.34
2848.37
2851.9
2853.52
2857.86
2865.44
2866.4
2867.44
2875.23
2872.55
2876.04
2884.79
2887.91
2885.47
2890.32
2898.54
2897.24
2900.38
2901.33
2907.19
2905.64
2909.04
2911.47
2920.69
2924.41
2923.1
2925.39
2928.97
2932.81
2940.03
2938.24
2938.2
2942.71
2948.2
2949.65
2952.7
2956.31
2960.51
2965.83
2969.35
2968.16
2970.82
2973.44
2980.2
2982.51
2983.49
2991.49
2989.67
2993.18
2998.12
2999.17
3004.4
3008.66
3008.15
3008.33
3018.07
3019.4
3018.81
3025.34
3032.13
3028.33
3030.87
3036.07
3042.21
3044.65
3048.17
3053.34
3051.55
3055.4
3058.37
3062.86
3063.97
3071.01
3072.37
3079.14
3075.48
3082.99
3086.58
3084.38
3092.13
3095.15
3098.9
3103.97
3100.07
3104.49
3111.02
3114.91
3117.11
3116.28
3124.1
3120.69
3125.67
3127.66
3137.22
3133.21
3142.7